10307850
753965
741032
733244
733243
375182
222529
104264
84400
12339161
756284
746486
745982
745980
311466
106364
750937
745804
745801
571531
375097
375096
375095
375093
375092
365487
220538
108598
732387
749320
745961
737615
737472
371031
371029
153780
85342
82888
82883
82848
82840
82838
82836
743726
214285
749168
749167
714121
362208
213718
748507
723371
723370
258856
258855
258853
258852
258851
258849
258848
258847
258846
258845
258844
745629
745628
745623
370607
370604
370602
370601
370600
219512
219508
569800
366502
366501
741628
737465
737447
732654
732652
570319
367513
367509
366349
364322
105454
82830
82828
82811
82807
82795
755001
749064
748302
748297
741130
740260
737982
737680
735088
735082
733082
733079
728624
723766
723765
723764
720234
720229
713009
713001
372164
366913
366465
364767
364766
364277
364276
282724
153658
33492
32070
31554
252047
101845
723365
364215
364214
281644
281642
727932
724653
252321
733620
733619
735970
725900
716585
372623
370136
746447
741620
737608
733580
733579
733572
728766
728757
728753
728752
82776
82758
82749
82748
82741
10239608
720228
720227
712984
712974
361992
219493
219486
219483
102978
102971
102970
363577
251989
251988
251985
251983
251982
213714
102574
84863
30897
723341
733723
733721
363392
733402
733400
733399
726114
362332
741616
733547
723700
723697
723696
715426
366356
364259
362528
280948
217140
213830
152838
106479
105453
82191
82157
82155
82154
82153
82146
82141
82139
82138
12335595
757626
757624
756916
756754
756752
756314
756308
756307
756306
756305
756304
755585
755473
755469
755311
755163
754661
754659
754658
754432
754102
754093
754002
754001
753895
753529
753502
753496
753230
753222
752918
752761
752639
752637
752309
752192
752071
752008
752006
751981
751978
751934
751920
751919
751870
751866
751859
751857
751856
751440
751283
751279
751223
751214
751209
751153
751117
751114
751111
751110
751025
750906
750728
750726
750446
750441
750440
750439
750186
749748
749703
749702
749661
749582
749579
749575
749292
749290
749287
749279
749187
749159
748907
748900
748577
748569
748568
748388
748387
748103
748102
747996
747835
747820
747720
747557
747556
747543
746513
746512
746263
746262
746254
745946
745945
745939
745476
745329
745299
745289
745190
745183
744908
744904
744816
744802
744801
744800
744798
744797
744776
744706
744703
744702
744701
744666
744588
744493
744492
744441
743806
743805
743029
743028
743027
742878
742877
742874
742870
742862
742853
742834
742830
742827
742768
742767
742761
742695
742631
742630
742257
742218
742195
742194
742193
742192
742190
742189
742186
741834
741833
741832
741803
741717
741584
741581
741578
741560
741545
740657
740656
740654
740653
740652
740651
740650
740649
740648
740647
740646
740644
740643
740642
740542
740337
740332
740311
740310
740308
740307
740306
740305
740304
740299
740298
740018
739867
739866
739827
739826
739825
739824
739823
739816
739757
739747
739746
739744
739743
739742
739741
739740
739737
739735
739723
739616
739196
739161
739159
739158
739156
739155
739154
739153
738128
738124
738069
737944
737942
737939
737933
737932
737931
737919
737918
737886
737542
737520
737519
737517
737516
737427
737426
737401
737398
737166
737114
736782
736773
736659
736597
736391
736378
736051
736050
736019
735781
735780
735418
735076
735072
735056
735052
735046
734970
734969
734966
734911
734906
734611
734607
734539
734492
734490
734488
734457
734332
734287
733437
733416
733406
733132
732940
732939
732804
732488
732126
732116
732115
732101
731869
731817
731814
731744
731373
731359
731358
731357
731356
731312
731311
731020
730627
730439
730437
730435
730432
730384
730382
730137
729928
729216
729023
728248
728054
727957
727757
727572
727169
727166
726544
726543
726542
726086
726085
726084
726082
726081
725640
725634
725632
725631
724689
724643
724536
723103
723100
722748
722450
722449
722444
722431
722430
722428
722420
722358
722357
722167
722127
722119
722110
722108
721887
721869
721865
721864
721853
721637
721603
721602
721601
721596
721595
721590
721589
721588
721587
721586
721585
721584
721302
720149
719994
719990
719173
718526
718520
718357
718347
718344
718342
717990
717988
717981
717980
717979
717972
717649
717648
717335
717333
717330
716629
716627
715665
715039
713586
713582
712961
712956
712946
712362
700657
583034
582167
582055
581716
581685
581684
581655
581654
581585
581561
581421
576037
571915
571914
571023
570832
570372
570336
570335
570309
569979
569882
569845
569713
569709
569690
569439
568831
554738
554737
554362
553173
400158
399935
399934
395564
395563
387141
387140
387139
387138
387137
387136
378742
377524
376842
376841
376833
375407
374803
373812
373321
372670
371768
371688
371653
371095
370950
370891
370889
370432
370385
370152
370151
370150
370149
370146
370145
370143
370142
370140
370049
370048
370047
370046
370044
369750
369505
369410
369371
369369
369363
369228
369224
369139
369138
369087
368768
368767
368709
368626
368477
368476
368475
368474
368428
368427
368265
368264
368263
368261
368260
367998
367997
367996
367870
367669
367527
367526
367525
367047
366892
366890
366787
366784
366537
366533
366532
366496
366495
366491
366370
366285
366246
366237
366094
365772
365769
365083
364977
364976
364974
364927
364804
364669
364339
363993
363984
363725
363664
363660
363367
362962
362961
362946
362900
362757
361989
313600
312052
311497
311456
311391
311147
310670
310601
310579
310539
310538
310537
310493
310492
310491
310490
310489
310164
309968
309944
309935
309907
309880
309839
309754
309747
309744
309742
309719
297015
296330
293107
293104
292046
286422
285745
285669
284238
283896
282977
282553
282547
282541
282536
281965
281612
281538
281534
255089
254626
253721
253358
253357
253006
252950
252820
252536
252348
252346
251911
251871
251543
251443
251402
251161
219800
219423
218165
217286
216383
216323
216276
216132
215729
215576
214961
214537
214535
214500
213966
156538
155185
154247
154146
154099
154098
154097
153997
153813
153757
153729
153335
153321
153277
153266
152891
152890
152819
152742
122531
115527
115526
112929
111660
111374
110298
109929
109393
108946
108940
108772
108467
108439
108216
108214
107682
107573
107198
106870
106869
106819
106793
106790
106524
106503
106441
106379
106180
106146
106145
106069
106064
105958
105916
105475
105328
105065
105064
105063
105056
105055
105054
105053
104769
104768
104656
104602
104565
104380
104272
104212
104196
104023
103922
103871
103856
103855
103851
103850
103841
103429
103424
103365
103085
103080
102754
102615
102596
102231
101824
86351
85717
85637
84542
83252
83169
83151
82437
37139
36022
34136
33476
33219
33074
32513
32404
32351
31835
31761
31321
31123
755491
755487
755486
741010
733020
725887
725886
723829
723828
723827
714089
362198
362197
314811
251980
252072
31615
714443
10239287
733531
719498
714195
373223
371724
362222
219582
214204
82723
82702
82701
82697
82692
82688
82681
733074
712939
712937
710315
710313
366464
213620
102956
102952
102951
101680
711123
360068
282500
362406
252179
714436
756042
756041
746400
743660
743659
743658
741608
719436
719425
715420
581749
386321
216113
216111
216106
158754
105797
82103
82092
723786
723588
723585
702753
364246
359847
214677
100624
29975
756891
756889
756887
711115
703789
568593
746672
744517
744510
744509
735189
735185
730610
724133
723817
723816
723813
717469
568833
380876
366910
363443
102915
102197
102091
85321
85320
153038
705938
705937
705936
719408
719407
719382
719381
719378
568308
373220
82080
82078
82070
82068
82046
82043
82041
82032
733053
732867
731957
731111
713800
713799
710292
581510
366429
366428
366047
364269
359845
310659
309011
152840
104181
104180
102910
100621
31553
703779
703774
703770
361528
361526
10308783
10297320
10297319
10240273
10240000
10239937
10239936
10239756
10239755
10239754
10239753
10239752
10239020
362093
217104
217090
217089
714867
281235
213772
309598
704093
365494
252168
252167
103702
10323961
743667
743665
741600
741598
741314
741305
740536
740533
740528
709307
709304
709303
703876
368717
368543
361164
360081
311240
154361
105799
105798
105231
82024
82006
82002
82001
81997
81996
81991
81988
81981
33761
713792
702709
702701
361361
100703
82902
81739
30036
692618
250798
99655
16114366
16114364
12335681
11630588
757610
757435
757393
756860
756457
755536
755535
755533
755457
755454
754562
754263
754262
754260
754258
753082
753061
753049
752837
752675
752672
752161
751930
751928
751926
751314
751171
751044
751033
751031
750695
750541
750408
749347
749114
749111
749109
749106
749085
749079
748743
748740
748666
748665
748663
748605
748182
748081
747824
747504
747500
746629
746625
746588
743924
743847
743846
743845
743842
743835
743830
743814
743813
743797
743734
743025
743022
743021
743019
742641
742635
742265
741693
741687
741681
741672
741489
741401
741226
741183
741044
740446
740441
740138
740017
740016
739489
739430
739372
739370
739080
739054
739053
738956
738953
738952
738946
738945
738944
738942
738940
738935
738934
738932
738927
738926
738924
738876
738709
738617
738325
738171
738170
738169
738100
738099
738098
738087
738082
737957
737901
737793
737593
737592
737371
737366
737364
737030
737022
737021
737020
737012
737011
736364
736354
736348
736341
736328
736311
736308
735824
735555
735554
735374
735371
735370
735361
735360
735355
735343
735341
735339
735337
734945
734933
734874
734873
734861
734856
734849
734529
734528
733387
733384
733373
733371
733368
733305
733222
733221
733209
733208
733168
732605
732467
732453
732452
732451
732446
732180
732098
731868
731867
731866
731865
731864
731863
731861
731859
731858
731766
731765
731647
731646
731643
730829
730828
730827
730826
730462
730453
730378
730375
730374
730373
730371
730368
730364
730362
730361
730357
730355
730343
730246
730068
730003
729403
729398
729325
728048
728044
727848
727813
727767
727764
727325
727213
727204
727000
726743
726741
726738
726435
726427
726424
726420
726410
726369
726354
726176
725777
725773
725742
725738
725690
725113
725112
725108
725106
724701
724698
724697
724696
724695
724694
724693
724683
724638
724637
724328
724317
724316
724307
724177
724023
724017
723878
723844
723774
723398
723198
723191
723186
722934
722825
722782
722781
722780
722267
722177
721713
721711
721706
721633
721632
721467
721400
721397
721396
720950
720942
720710
720709
720241
720159
719910
719770
719519
719512
719333
718772
718506
718498
718479
718478
718451
718336
718328
718326
718316
718314
718311
718306
718227
718217
718212
718145
717970
717968
717966
717965
717964
717963
717961
717955
717954
717953
717952
717951
717950
717949
717948
717947
717946
717945
717943
717941
717928
717853
717524
717459
717324
717321
717317
717316
717288
717231
717223
716872
716871
716870
716869
716116
716114
716112
716111
716105
716102
715959
715681
715674
715648
715488
715021
714699
713671
713626
713607
713602
713497
713495
713340
713193
712919
712901
712894
712888
712509
712502
712485
712484
712483
712457
712399
712388
712373
712122
712120
712119
712105
712069
711798
711653
711652
711647
711646
711645
711504
710878
710344
709851
709397
709395
709041
708626
708623
708245
707544
707532
707531
707530
707507
705759
703446
703378
701701
700961
700625
700333
700321
699472
699468
687426
583450
582385
582349
581740
581601
581545
581523
581480
581366
572611
571925
571643
570748
570465
570384
570378
570245
570010
570004
569664
568614
568461
568057
554122
554121
400748
400746
387880
384936
384935
384934
380487
375558
375557
375556
374932
373035
373034
373032
373031
372096
371085
370915
370496
369240
368983
368670
368609
368444
368085
368078
367994
367993
367940
367756
367755
367754
367753
367652
367416
367263
367226
367006
367004
367003
367002
366950
366949
366948
366947
366887
366772
366718
366712
366530
366527
366525
366346
366310
366198
366147
366053
365882
365881
365880
365879
365878
365807
365761
365760
365759
365758
365757
365755
365754
365753
365087
365086
364996
364888
364808
364471
364405
364397
364395
364391
364332
364185
364163
364149
364069
364068
364067
364066
364064
363971
363499
363399
363252
363239
363217
363106
363072
363047
363005
363000
362999
362924
362923
362898
362894
362893
362890
362887
362886
362885
362803
362743
362679
362582
362544
362541
362535
362443
362381
362375
362252
362251
362122
362070
362069
361940
361939
361938
361915
361900
361754
361679
361496
361121
359124
311492
311488
310953
310951
310875
310680
310119
309970
309882
309877
309806
309767
309729
309718
309701
309660
309658
309657
309585
309459
309372
309114
295433
295432
295313
294463
289969
289201
286955
286585
286543
284774
283176
282995
282994
282993
282992
282990
282989
282988
282987
282983
282982
282981
282980
282979
281736
281245
281244
281165
280856
280774
280770
280762
280665
280661
280290
262837
253242
252626
252625
252462
252460
252113
252107
251674
251529
251364
250679
250678
250672
223537
220773
219627
219625
219327
219326
218181
216293
216180
216137
215702
215688
215600
214099
214063
213975
213785
213654
212939
155921
154369
154214
154185
154184
154072
153948
153671
153670
153499
153334
153077
153058
152993
152989
152968
152920
152919
152918
152917
152284
152277
152115
113743
112881
112671
108502
108501
107554
107385
107384
107249
106212
105793
105632
104938
104859
104858
104844
104647
104479
104478
104477
104475
104468
104130
104106
103892
103891
103890
103889
103888
103887
103833
103831
103830
103829
103448
103444
103345
103344
103343
103342
103341
103092
103091
103090
102816
102801
102730
102712
102268
102226
102203
102184
102183
102181
102044
102036
102006
101974
101973
101905
101903
101723
101593
101503
101061
101052
101051
101050
100468
86239
85678
85604
84703
84335
83771
83753
83751
83328
83327
83326
82618
82520
81613
45690
45688
35948
35821
33554
33491
32696
32188
31620
31592
31505
31378
30745
30281
743722
743720
740987
724127
714776
714775
703724
568332
568210
733504
733501
726213
726207
726204
705309
703870
81948
81936
81929
716430
713958
711430
699799
699797
699796
699795
699794
691227
691225
691214
362729
357768
310527
249793
101804
101801
101800
101799
101797
101796
101795
101794
101793
99527
83553
81125
692598
309425
278907
250792
366474
10289144
714769
741286
737644
737643
737642
737628
734338
734337
733496
733486
733485
732738
732731
732729
732725
709292
709285
709253
568506
368995
366728
366359
361162
360383
309348
101270
81438
81423
81417
81411
81410
33454
723782
723780
705736
703686
691200
357766
252154
213707
103203
101791
101790
700586
250774
10324748
10242982
220716
31697
704549
704548
748475
732864
732405
695113
366426
366425
366424
366423
744533
744523
738407
737977
735250
716423
705755
692922
692915
569935
360140
250889
100671
741274
724472
709226
709209
694484
214756
81401
81398
81384
703671
699775
691177
691168
310087
308547
100697
100691
692568
692565
692234
726460
726459
695092
362761
10323953
10316745
10315024
10297265
10289149
10240069
10239578
10239576
10239387
10239200
10239199
10239198
10239197
10239196
10239195
704469
309124
360134
741252
726201
724463
724459
709475
709473
581212
361192
361157
360381
214755
213182
80703
80699
80690
703665
699762
691153
211275
102426
700570
692562
357994
252147
100303
29221
29220
29219
692226
704538
724108
695084
16114353
16114352
16114350
756721
756720
756616
756595
756592
756590
756574
756572
756479
756400
755971
755139
754679
753447
753149
753143
752818
752772
750739
750738
750580
750577
750574
750573
750566
750565
750563
750477
750475
750473
750470
750469
750431
750430
750428
749898
749895
749893
749892
749887
749885
749146
749046
747009
747003
747001
746999
745511
745510
745493
745169
745168
745167
744997
744866
744718
744197
744195
744193
743601
743597
743353
743052
743046
742781
742364
742359
741336
741335
741334
741332
740597
740594
740593
740590
740372
739481
739479
739473
739045
739043
739041
738871
738869
738865
738660
738494
737106
737105
736837
736507
736504
735657
735650
735586
735241
735240
735239
735238
735237
735211
735209
734340
733016
732265
732058
732002
731857
731856
731855
731854
731832
731762
731235
730352
730349
730345
730312
730243
730233
730229
730228
730129
730127
729989
729294
729293
729292
729285
729160
728253
727602
727201
727200
727194
726365
726363
726360
726359
726358
726239
726225
726223
726222
726219
725837
725836
725828
725827
725582
725573
725572
725531
725525
725446
724998
724305
724159
723388
723252
723222
723118
723117
723116
721946
721945
721942
720962
720796
719968
719735
719599
719596
718304
718301
718272
718209
718208
718197
718194
718181
718154
717884
717879
717873
717833
717676
717347
717311
717302
717301
716920
716410
716391
716387
716378
716362
716360
716359
716357
716350
716342
716149
716148
716146
716144
716134
716133
716123
716121
716119
715887
715885
715883
715879
715766
715759
715750
715566
715558
715545
715537
715527
715524
715522
715519
714916
714915
714914
714913
714911
714909
714908
714907
714906
714904
714903
714902
714901
714900
714841
714734
714730
714619
714617
714615
714596
714587
714586
714584
714582
714581
714580
714546
714337
713745
713744
713738
713596
713462
713453
713392
713385
713375
713337
713336
713083
712738
712538
712522
712239
712236
712219
712200
712198
712197
712112
712110
711936
711617
711425
710964
710840
710727
710627
710246
710238
710219
709962
709546
709532
709349
709348
709347
709346
709069
708875
708673
708618
708613
708237
708235
708234
708182
708174
708002
708001
707898
707895
707893
707574
707564
707563
707518
707431
707383
707268
707055
706737
706736
706733
706728
706290
706212
706211
706203
706202
705953
705571
705409
705408
704519
704508
703450
702882
702789
702783
702781
702677
702673
702667
702666
702605
702260
702259
702258
702241
702239
701960
701942
701847
701836
701791
701659
701350
701335
701330
700951
700362
699673
699672
699669
699668
699667
699646
699633
699629
699510
699509
699463
699238
697724
697723
697638
697615
697436
697430
697248
697247
697246
697245
697236
697235
696584
693905
693892
693863
692514
688568
688567
688566
688226
583556
583078
581829
581709
581695
581467
581357
581356
581355
581354
581346
581341
581340
581339
581338
581337
581326
570666
570561
570549
570548
569940
569939
569938
569712
569644
569391
569359
569260
568840
568836
568646
568536
568477
568171
568039
556567
398323
389201
388568
374878
374877
374876
374875
374874
374873
374872
374871
374868
374867
374270
373934
373933
373741
373739
373058
371518
371480
371279
371273
371272
371271
371269
371268
370069
369663
368988
368987
368986
368985
368946
368353
366849
366402
366218
366129
365806
365752
365751
365742
365739
365423
365422
365308
365307
365078
365033
364836
364834
364833
364818
364814
364813
364761
364696
364695
364236
364218
363534
363321
363320
363279
363080
363053
362993
362919
362826
362670
362551
362424
362420
362419
362366
362365
362152
362088
362068
361954
361943
361919
361898
361897
361766
361324
361210
361170
361169
361168
361167
361166
361135
361069
361018
361017
360983
360982
360842
360674
360673
360670
360669
360450
360406
360112
359938
359887
359837
359771
359752
359567
359566
359258
359257
359138
358884
357175
318130
318129
315604
312100
310428
310423
310376
310201
310199
310197
309766
309717
309606
309594
309589
309588
309553
309494
309340
309322
309296
309292
309166
308993
308705
295337
292103
292039
290818
290719
285703
285702
285053
285049
284455
283919
283339
283338
282426
282147
281409
280850
280847
280616
280399
279994
279840
279838
279836
279826
279684
279233
252544
252329
251830
251828
251823
251818
251518
251151
251147
251081
251045
250129
219975
219834
219824
219747
217065
217063
217061
217060
217059
217058
217057
216958
216897
216170
214964
214635
214601
213897
213860
213498
213496
213413
213237
213162
212648
212326
155258
154900
154533
154175
154138
154130
153354
153336
153332
152440
152439
152438
152375
152372
152230
152142
151919
151814
151298
121187
116339
108913
108912
108911
108910
108909
108219
107569
107563
106800
106606
106602
105787
105412
105411
105174
105062
105061
105060
105059
104459
104457
103906
103848
103828
103827
103826
103825
103812
103473
103431
103336
103286
103285
103238
103009
102862
102861
102656
102600
102599
102235
102193
102168
102153
102071
102067
101984
101277
100890
100845
100588
100465
100463
100031
100030
92047
85396
84804
83312
83280
83107
83106
82298
82248
81323
80775
44349
32879
32615
32435
32406
31576
31369
31255
31084
31056
31032
31031
30938
30852
30803
30673
30592
30302
30276
30209
29973
29951
29927
29832
29744
754165
737972
737043
725182
725177
725175
724454
724450
724442
716192
716191
709165
709163
709147
709144
709129
706419
694865
692769
692768
364558
360627
80675
80669
80644
80635
80630
714289
695659
682360
682357
682354
682353
360909
355679
212995
359441
250064
714528
695076
100771
716188
716187
716183
714679
714678
714665
709450
709446
709444
709119
709116
709107
709106
709102
362693
213156
212826
102075
102074
80620
80618
80602
80593
80589
714281
682335
682322
360023
355672
100678
98647
79663
738689
738688
715349
683243
683237
754336
250906
81526
714275
362242
695068
214872
567776
358055
734571
716180
716179
705297
698756
698754
698740
693315
693314
680655
359100
358144
213871
80572
80570
80562
80561
80560
80541
80538
80528
80523
737965
725162
709582
709581
706530
706459
700981
699341
699066
694880
692896
692891
692885
682305
682297
581225
567572
367684
355669
308623
308180
308175
279522
98646
683232
249990
249985
210379
682768
280804
280801
280797
101915
693464
358183
81282
704449
684951
722923
717192
693032
693031
358051
281542
281541
102810
10313858
10239211
10239194
10239193
10239191
10238921
734566
732686
732682
716173
716172
716168
716167
716165
705293
705292
704325
704320
704318
704313
698718
698717
698710
698706
698700
692759
688142
567753
366775
212712
104399
100765
99223
79961
79952
79949
79929
79924
79915
79914
692927
684414
684413
682292
682290
682280
679858
357946
355662
213845
213842
213834
79486
28229
700549
683219
683209
682758
683960
357133
249579
249577
249576
249574
249573
249572
249571
98846
358050
734552
734547
734543
706121
698671
698670
698664
698661
698655
698647
698645
359090
212859
104398
79910
79906
79898
79892
79871
79870
79867
16114344
16114343
16114341
14740692
11627827
758084
757747
757613
756697
756391
755995
755994
753140
753137
753136
753134
753133
753071
752966
752964
752961
752913
751202
750960
750895
750893
750715
750704
749356
748599
748278
747790
747788
747787
747028
747027
747023
747022
747020
747019
747018
745858
745671
744881
744763
744640
744639
744636
744630
742452
741142
740964
740962
737118
737117
736467
736412
736408
736056
735813
735583
735459
735411
735409
733728
733660
733339
733338
733336
732383
731756
731752
731072
730989
730326
730325
730067
730063
728006
725429
725389
725103
725102
725101
725097
724596
724362
723678
723096
723048
722761
722703
721423
720185
720091
719981
719743
719742
719741
719567
719563
718248
717910
717907
717906
717818
717766
717642
717626
717495
717421
717420
717381
716750
716615
716308
716306
716295
716290
716289
716288
716287
716286
716284
716197
716163
716158
715578
715547
715152
714573
714572
714571
714518
714516
714477
714149
714147
714146
714012
713768
713226
713225
713223
713038
713033
712744
712385
711979
711923
711921
711917
711915
711914
711910
711909
711590
711587
711343
711342
711232
711215
711022
711009
710972
710929
710661
710350
710348
710346
710058
710044
709921
709505
708535
708024
708023
708012
707888
707887
707886
707885
707884
707874
707873
707771
707710
707709
707490
707489
707071
706974
706772
706766
706765
706756
706755
706751
706750
706747
706745
706652
706478
706385
706384
706381
706362
706357
706355
706328
706327
706326
706325
706254
706234
706115
706114
706108
706105
706084
706083
706080
706065
706055
706032
706026
706020
706013
706006
706005
705995
705994
705964
705906
705905
705904
705903
705560
705558
705495
705491
705490
705489
705488
704835
704800
704604
704603
704601
704600
704599
704598
704597
704596
704595
704594
704593
704592
704591
704590
704589
704588
704587
704499
704498
704492
704485
704373
704371
704200
704199
704197
704192
704191
703932
703768
703755
703696
703572
703571
703311
703307
703244
703229
703095
703091
703089
703088
703086
703084
703077
703076
703075
703060
703058
702600
702416
702414
702329
701982
701981
701954
701948
701856
701855
701849
701769
701515
701468
701465
701464
701303
701113
701101
700698
700697
700696
700695
700693
700439
700438
700437
700429
699565
699423
699422
699420
699419
698767
698527
697986
697957
697951
697948
697716
697338
697299
697163
697162
697150
696772
695650
695304
695303
694878
694875
694293
693481
693452
693278
693219
693207
692962
692524
692252
692251
691920
691814
690789
690786
690762
690761
690760
690759
690753
690752
690592
690578
690428
690387
690059
690058
690057
690056
690055
690044
690043
689803
689802
688841
688794
688791
688458
688457
688452
688451
688049
687224
687223
687214
687107
686941
686936
686927
686894
686754
686753
686569
686555
686554
686553
686539
686235
686159
685917
685914
685907
685801
684962
684958
684628
684625
684597
684594
684499
684497
684407
682944
682916
682812
682253
682243
682005
682004
681431
680567
680552
680504
679859
679587
679583
679582
678678
678666
674640
674626
671735
671719
582053
581864
581854
581660
581283
581140
570296
569643
568858
568767
568747
568567
568566
568537
568380
568319
568318
568264
568203
567842
567769
567657
555308
555300
552641
483052
483051
400227
395532
390077
386290
386208
382460
382458
380481
380014
379970
373266
372558
371901
371310
371307
371302
371298
371297
370499
369997
369378
368917
368501
367861
367651
367417
367345
367159
367053
367052
366968
366299
366298
366297
366296
366295
366294
366293
366163
365370
365163
365108
364935
364887
364885
364883
364816
364799
364587
364577
364573
364552
364451
363064
363025
362984
362983
362956
362952
362951
362950
362928
362918
362916
362690
362355
362349
362218
362217
362148
361629
361628
361577
361540
361481
361454
360984
360892
360884
360822
360820
360686
360683
360682
360681
360680
360677
360631
360623
360614
360606
360593
360591
360587
360561
360560
360557
360443
360442
360441
360430
360327
360205
360196
360181
360155
360120
360109
359935
359932
359777
359725
359724
359723
359634
359596
359594
359593
359524
359523
359522
359521
359520
359519
359518
359517
359516
359515
359242
359101
359084
359083
359062
358913
358874
358869
358737
358736
358637
357959
357954
357870
357869
357868
357693
357692
357654
357408
357407
357406
357405
357404
357402
357140
357098
356830
356794
356684
356626
356317
356316
356278
356275
355660
355293
354918
354209
353883
311952
311063
310546
310227
309939
309728
309722
309438
309437
309140
309105
308974
308957
308872
308857
308534
308365
308004
289883
289219
289218
289216
289214
284142
284135
284004
282685
281840
281831
281764
281760
281661
281493
281491
280611
279816
279814
279671
279576
279514
279176
279123
279115
279112
279107
278937
278732
278228
277670
252362
252361
251467
251326
251325
251213
251212
251203
251141
251069
250587
250470
249890
249652
249423
249422
249415
233840
228619
226945
219844
218129
218061
216150
214612
213983
213982
213969
213651
213015
212966
212944
212754
212726
212643
212622
212491
212489
212413
212411
212404
212403
212392
212391
212313
211846
211400
211338
211336
211330
211213
155312
152943
152942
152580
152157
152156
152155
152029
152027
152023
152022
151941
151863
151862
151678
151375
151357
151297
151090
151049
150826
150327
119959
114945
114939
114931
111633
111632
111630
111629
111301
108938
108632
108457
107597
107596
106609
106213
106116
105991
105166
104623
104098
104060
104033
103986
103985
103274
102909
102388
102212
102211
101961
101958
101691
101481
101480
101479
101470
101467
101466
101438
101129
101083
101076
100918
100917
100907
100889
100824
100772
100563
100562
100480
100471
100407
100048
99579
99578
99577
99508
99505
99425
99423
99422
99098
99006
98315
98253
98239
97404
89726
84325
83861
83756
83594
83591
83044
82199
81560
81245
80877
80802
80144
33549
33518
33279
32599
31049
30734
30329
30328
30267
30231
30229
30203
29981
29937
29911
29700
29180
29179
29029
29028
700312
700311
700310
683295
683290
683289
683278
683277
249969
249968
249967
249523
718402
718401
718393
363093
250272
693458
358181
99737
718253
714763
363065
30972
683688
567314
715631
698632
698616
698615
688124
688118
567881
358386
356949
151573
99221
79839
79823
79815
79813
709728
671714
671711
671709
671707
671704
671700
355771
308159
308158
307611
10238629
680623
672944
556531
355073
150692
704439
704436
98886
685414
355972
698598
698577
698568
698561
695262
675218
568828
79800
79765
79764
79761
714262
714257
699010
699009
675246
671693
671687
671685
97783
683273
683268
683267
277781
249495
249477
731063
731058
669630
366022
81465
716481
716480
706405
706400
706372
689985
689984
689983
689981
689977
684734
567636
369769
212878
151990
353649
723716
715608
715602
695259
695253
678949
678934
678932
678926
354748
354747
354746
79744
79743
79741
79739
79734
79721
79708
678330
671672
671671
671669
671668
671665
671664
671656
668578
307677
209318
98692
97520
97401
10323938
10250087
10239188
10238963
10238962
10238961
10238469
10238466
10238464
10237284
692633
684697
661936
661928
567744
357979
357978
99657
567727
280787
280784
250171
704423
673415
715601
715597
695248
687966
687936
673047
673046
673044
567511
359306
358546
353974
250901
211699
79107
79084
79080
668571
660885
352654
351810
96281
96280
669538
661911
693296
693286
693282
757960
756967
756898
756820
756816
753821
751953
751951
750754
750752
750371
742282
742281
742280
742279
742277
742269
737866
736731
736729
736725
734094
733689
733686
730744
730743
730740
730733
730289
728336
726192
726191
726189
725382
724619
724618
724085
723036
723032
722661
721210
721209
721208
721196
720929
718557
718556
718023
717375
717373
716701
716699
716549
715286
715280
714823
714715
714703
714702
714000
713201
713105
708588
708583
708111
707984
707757
707752
707480
707476
707475
707474
706828
706629
706589
706561
705897
705896
705891
705595
705457
705448
704819
704586
704585
704584
704583
704582
704581
704580
704579
704578
704577
704576
704060
704046
703252
703219
703214
703210
703198
703179
703145
703142
703133
703105
703066
703065
703044
703042
703041
702805
702625
702624
702594
702187
701536
701535
701532
701463
701460
701022
700995
700242
699855
699817
699549
699453
699450
699083
699032
699031
698904
697596
697364
697286
697267
697190
697188
697183
697182
697172
697147
697136
697040
696335
695924
695923
695922
695921
695920
695919
695910
695806
695719
695682
695645
695643
695641
695565
695562
695561
695560
695559
695558
695548
695497
695378
695342
695280
695278
695271
695216
695204
694894
694810
694808
694798
694476
694474
694473
694472
693190
693184
693072
692546
692545
691909
691787
691097
691096
691095
690537
690536
690532
690427
690424
690423
690421
690253
689989
689975
689970
689882
689881
689741
689735
689734
689730
689679
689215
688827
688767
688040
687547
687348
687083
687047
686893
686889
686888
686700
686696
686500
686205
686066
686019
686015
686014
686012
685349
684957
684576
684573
684488
684472
683945
683666
683665
683659
683655
682893
682816
682694
682681
682655
682628
682627
682623
682398
682178
682177
682175
682094
682092
681905
681849
681802
681800
681796
681764
681692
681689
681407
680789
680605
680537
680536
679759
679758
679746
679628
679409
679343
679341
679340
679337
679334
679333
679332
679331
679330
679327
679326
679325
679321
679320
679316
679314
679313
678959
678957
678956
678955
678954
678769
678752
678369
677994
677985
677937
677928
677926
677919
677918
677912
677603
676975
676973
675886
675883
674967
674094
674093
674092
674091
671647
671644
671634
671633
671629
671180
671175
671161
671160
671154
671153
671151
671149
671074
670610
669216
668588
668587
668258
667359
666621
663255
663232
581741
581274
581249
581243
581242
581181
581093
581068
581067
581066
581065
581011
567884
567873
567614
567549
567434
567348
567045
566973
380816
380718
376441
369513
369498
369251
368280
367347
367309
364811
364457
363621
363616
363118
362751
362304
362153
362026
360208
360207
360206
360130
359913
359906
359903
359899
359588
359587
359381
359029
358854
358824
358749
358748
358651
358613
358606
358593
358571
358553
358552
358541
358396
358362
358128
358125
358124
358121
358119
358118
358117
357952
357824
357722
357651
357283
357279
357235
357092
356944
356872
356871
356586
356273
355698
355608
355598
355583
355581
355580
355579
354978
354808
354751
354750
354619
354543
354540
354359
353307
353239
353230
352665
352288
310500
310435
310133
309863
309527
309413
309330
309329
309131
309130
309129
309128
309022
308790
308789
308741
308636
308472
308320
308312
307594
295315
290957
284499
283189
282873
282871
282866
282865
282226
281082
279636
279467
279079
278322
277742
277658
277656
277619
276693
251546
251545
251544
250606
249703
249590
249337
249292
249230
216342
215678
212448
211995
211890
211703
211578
211560
211174
211109
211108
211086
210268
210262
210241
209903
154278
154277
154276
153724
152448
151861
151761
151104
151035
150966
150850
150799
150315
150314
150212
115653
105523
105522
104260
103982
103980
103157
102785
102095
102014
101975
101921
101701
101226
101205
101026
100955
100780
100779
100778
100645
100630
100514
100509
100507
100484
100472
100029
100021
99977
99976
99905
99904
99869
99867
99855
99809
99473
99368
99367
99366
99082
99054
99040
99033
98745
98670
98637
98635
98603
98602
98601
98600
98584
98296
98019
98017
98007
97643
97490
97454
97374
97373
83807
82266
81214
81112
80883
80832
80382
80298
79624
79516
79412
78871
32506
31747
29910
29511
29339
29072
29008
28827
28166
27832
27600
693393
672863
307649
705557
705556
308383
101754
79071
79045
79037
79034
79026
692632
692631
692630
692629
692628
688321
672761
668558
661747
660868
353465
351229
672953
661896
682742
682741
581173
360115
279859
279853
10308662
674089
99850
685108
685107
685105
685104
679115
678899
678897
678890
678888
673042
358431
307973
98199
78420
78416
78414
78412
78404
78395
78389
78384
78382
683587
669909
660857
660852
660846
566336
26817
307182
149750
10308417
683350
731048
731047
673399
713922
713920
695624
686056
681227
678852
678850
678839
678288
675196
673214
672853
581144
358633
356602
354091
307648
211698
209370
208857
151989
150793
78372
78365
78354
78353
78342
78338
78329
78324
683584
660834
566988
566657
356993
355934
351219
307068
96278
661866
661864
10325028
10325026
10308380
10308379
10308378
10308377
10308376
10238188
10237619
10237618
10237615
10237614
10237613
10237612
10236994
674083
702871
695027
684692
684691
567867
705542
705540
705538
679088
667565
667554
360438
354763
78319
78302
78300
78286
78284
78270
78267
668536
660812
660804
307174
307170
307066
208825
96277
661853
661852
661851
352865
149748
96339
352661
352659
249109
248963
674077
353782
353781
353468
249126
211747
668724
700472
673387
16296523
16296513
16296508
16296497
16296496
16296493
12260722
757663
757662
757661
757660
757659
757290
757288
757022
755792
755790
755369
754883
754882
754269
754268
753127
753126
753124
752954
752950
752621
752617
751654
751324
750462
750457
748989
745281
744248
743387
740281
739874
738980
738590
737824
737822
736996
736445
736442
734298
733974
733971
733963
733960
732561
732560
732549
731038
730477
730470
730297
730296
730108
729255
727538
727219
727218
727215
727214
726676
726670
725708
725707
725706
725705
725704
725703
725702
725701
725462
725425
725423
725422
724288
723916
723914
723298
723297
723292
723291
723290
723211
722613
721768
721486
721286
721282
721246
721245
721237
721235
721173
721167
720278
718016
717812
716893
716890
715466
715465
715169
714751
714229
713080
713036
713027
711543
711323
711321
711320
711318
711310
711308
710523
709989
709986
709909
708331
708329
708092
707786
707776
707096
707093
706241
706239
705054
705052
705049
705048
704789
704381
704367
704365
704162
704124
703270
703269
703268
703267
703266
703265
703040
703039
703038
703037
702826
702497
702494
702493
701070
701059
701013
700856
700847
700846
700841
700838
700600
699939
699734
699733
699732
699731
699497
699149
698900
698077
698057
698055
697661
697657
697466
696717
696671
696670
696668
696667
696531
696451
696098
696096
696092
696069
696067
696065
696064
696063
695991
695985
695906
695899
695545
695436
695386
695232
695231
695225
695189
695173
695172
695171
695167
695165
694916
694692
694559
694418
694332
694331
694330
694083
693934
693933
693931
693926
693923
693342
693341
693340
693339
693337
693275
693274
693273
693272
693140
693106
693105
693094
693013
693004
692996
692039
691266
691265
691264
691263
691262
691261
691260
691259
691258
691256
691255
691231
691229
691129
691128
691127
691126
691125
691123
690646
690321
690320
690040
690039
690036
690029
690024
690023
690022
690021
689819
689586
688997
688996
688995
688379
688073
688071
687481
687236
686736
686719
686711
686607
686532
686531
686526
686492
686292
686252
686249
686248
686247
686246
686147
685975
685530
685466
685455
685452
685439
685303
685263
685262
685238
685209
685152
685143
685142
685141
685013
685002
684997
684880
684800
684460
684459
684458
684457
684339
684218
684217
684013
683939
683785
683638
683636
683635
683627
683625
683624
683615
683614
683613
683529
683494
683450
683204
683168
683112
683106
683103
683102
682782
682778
682515
682499
682490
682475
682463
682450
682417
682399
682138
681862
681855
681792
681788
681450
681449
681400
681396
681394
681374
681185
681175
681174
681053
680804
680803
680248
680191
679792
679788
679612
679610
679304
679293
679292
679291
679080
678968
678808
678801
678780
678779
678725
678501
678419
678144
678104
678103
678087
677856
677855
677849
677554
677537
677531
677530
677393
677380
677223
676172
676162
675955
675952
675806
675240
675238
674979
674210
674206
674205
674203
674202
674201
674199
674198
674197
674196
674195
674194
674193
674192
674191
674140
673965
673827
673824
673808
673494
673454
673103
673025
672912
672345
672344
672209
671944
671938
671614
671610
671604
671594
671127
670795
670781
670447
670446
670441
670439
670427
670390
670388
670385
670384
669423
668442
668430
668426
668412
668218
667809
666720
666600
666480
666478
666472
666468
666465
666461
666383
666379
666370
666182
666181
666165
665702
665603
665597
665595
665593
665473
665472
664571
664110
663926
663813
663812
663810
663742
663741
663736
663729
663716
663593
663591
663589
663203
663201
662410
660295
659936
657695
656183
650353
650342
646891
646888
646887
646884
646883
583300
582840
581533
581380
581279
581250
581248
581246
581233
581228
581146
581106
581039
580946
580925
580889
580869
580868
580866
580865
580864
580857
580815
580794
580788
575842
574378
571173
569757
569650
569649
569648
569647
569047
568322
568125
567939
567919
567917
567700
567580
567579
567520
567459
567275
567168
567023
566824
566819
566818
566743
566741
554789
549570
549565
395930
395927
395925
392493
380479
375598
375597
373023
373022
370936
366588
365822
365819
365794
365793
365792
365791
365790
365789
365788
365786
365417
365416
365414
364665
364305
364254
364250
363680
363012
362534
361813
361667
361570
361568
361566
361561
361314
360871
360337
360322
359929
359928
359927
359926
359925
359924
359923
359922
359809
359606
359605
359511
359510
359507
359506
359505
359218
359217
358732
358704
358702
358650
358649
358583
358544
358300
358039
358027
357911
357757
357399
357398
357397
357396
357395
357394
357393
357392
357391
357390
357389
357388
357387
357386
357385
357384
357383
357382
357381
357380
357378
357377
357376
357375
357374
357365
357343
357342
357190
356940
356751
356724
356596
356424
356423
356422
356421
356391
356390
356386
356058
356054
356012
355961
355960
355959
355875
355578
355575
355573
355567
355164
354728
354686
354591
354512
354445
354437
354436
354435
354420
354395
354392
354383
354316
354194
353670
353669
353438
353401
353400
353073
353069
352925
352828
352596
352297
352295
352294
352220
351840
351837
351324
350935
350032
350031
349130
349127
315575
312757
310275
309465
309080
309072
308932
308753
308738
308737
308736
308735
308734
308730
308504
308503
308280
308211
308112
308111
307897
307729
307483
307482
307380
307379
307360
307349
307343
306427
294652
290541
290010
286390
285332
281822
280374
280338
279851
279666
279140
278712
278708
278308
278301
277884
277867
277580
277579
277420
277418
276981
276903
276901
276666
276617
276615
276614
276413
252078
250619
250350
249795
249794
249696
249694
249635
249629
249627
249623
248372
229604
225775
225768
223505
219618
216631
215769
215566
214840
212959
212906
212815
212814
212813
212812
212811
212810
212699
212656
212642
211761
211481
211279
210912
210722
210660
210434
210236
210055
209443
209367
209122
209002
208931
208815
207946
206677
206270
161497
160101
152826
152447
152152
152150
152147
152106
151879
151764
151461
151459
151458
151457
151456
151452
151450
151449
151380
151333
150681
150675
150644
150569
150568
149981
149980
149979
149852
149851
149734
149724
120167
120165
116622
112552
112550
108218
104401
104253
103817
103162
103063
103062
102906
102878
102866
102711
102710
102709
102232
101464
101461
101454
101380
101327
100656
100644
100477
100194
100128
100003
99930
99902
99803
99792
99784
99772
99525
99302
99067
99066
99042
99029
98914
98759
98699
98664
98662
98597
98596
98595
98594
98224
98205
98195
97959
97597
97594
97592
97393
97389
97311
97308
97307
97113
96143
94254
83870
83309
83308
80954
79669
79426
79319
78941
78678
78257
78248
45816
39843
39838
32143
30147
29989
29988
29863
29655
29654
29470
29469
29410
29409
29408
28456
27541
27090
26983
704227
704226
694141
694137
683571
668522
668276
668275
651788
568237
418193
351381
349187
349185
307162
307161
307157
662734
662731
356753
349391
306577
672341
684893
356373
669192
669190
669184
307511
96408
676010
676008
673791
663584
662040
657049
657048
656872
656866
656858
418847
353719
353717
351798
351436
78145
78140
78128
78124
662187
650841
206736
77336
658882
249123
684885
684884
673533
662332
694672
683867
683865
683086
656833
656823
355813
306856
78056
78046
78045
712093
712090
672569
661734
661732
580789
351217
207960
695599
689540
689535
685337
685335
676369
676367
672836
672835
670043
670042
665752
663920
651995
352153
307875
307874
307647
248884
248883
150141
150138
150135
672313
672308
353404
277801
662828
580812
10313618
10308582
10308551
10308224
10308223
10308222
10308221
10239560
10237000
10236999
10236998
662326
754407
754405
702851
694653
673776
673771
662031
657032
656794
656787
656784
656779
653345
382603
359864
354087
350345
212623
112757
78038
78034
78032
78003
679245
669704
664707
661543
661542
650825
307146
79989
357723
276364
350551
350545
208208
662323
685095
685094
685092
673753
653342
647348
353713
77988
77974
77958
77955
77944
651783
651649
642179
642177
642175
642174
642172
351356
350535
347115
275530
12326859
757905
757902
751193
751192
751191
751184
750648
750085
749970
749967
749964
749963
749258
747570
746185
744228
739665
737353
737351
737349
732621
725659
725657
724630
722849
722393
721751
721265
721264
721184
721182
720061
717081
715591
715588
715317
712670
712086
712085
712081
711007
711006
710784
710777
710774
710234
707462
705372
703488
702473
701409
700801
700452
700443
697217
697117
696079
696078
696060
696058
695755
695594
695556
695474
695473
695469
694920
694719
694718
694716
694715
693431
693336
693335
693334
693332
693331
693329
693222
693133
693132
693130
693129
693125
693050
691924
691923
691921
691088
689431
689429
689222
689220
688540
688416
687299
687297
687295
687259
687257
687136
686583
686574
686572
686321
685673
684971
684970
684969
684856
684855
684214
683933
683932
683916
683911
683910
683856
682580
682368
682367
682364
681239
681238
681235
681065
680791
679581
679580
679578
679571
679285
679274
678406
678404
678329
678134
677866
677865
677859
677839
677813
677571
677569
677403
677214
677213
677113
676601
676597
676596
676595
676485
676484
676483
676482
676481
676202
676195
676137
676115
676066
676057
675997
675988
675981
675969
675965
675964
675843
675467
675464
675352
675342
675341
674975
674189
674187
674186
674185
674184
674183
674182
674181
674180
674179
674178
674177
674176
674155
673603
673592
673591
673589
673588
673548
673372
673272
673259
673253
672935
672881
672880
672196
672169
672147
672145
672057
672052
672049
672048
672040
672039
672035
672034
672033
671935
671414
671199
671197
670852
670410
670381
670380
670378
670377
670281
669815
669438
669304
668226
667954
667646
667645
666986
666874
666346
666326
666323
666111
666110
666099
666088
666087
665894
665684
665667
665579
665532
664848
664845
664844
664102
663869
663761
663711
663710
663707
663700
663692
663690
663689
663443
663175
663171
663154
663144
663140
662953
662952
662950
662823
662403
662240
662044
662042
661829
661532
661531
661485
661484
661483
661482
661481
661480
661479
661478
660912
660775
660771
660770
660769
660768
660767
660713
660712
660647
660387
660353
659949
659927
659924
659920
659605
659479
659313
659312
659261
659124
659121
659119
659044
659043
659037
657896
657864
657856
657838
657099
656896
656893
656892
656891
656890
656889
656757
655958
655915
655906
655857
655853
655847
655843
655745
655744
655743
655326
655321
655315
655198
655196
655195
655192
655188
655153
655150
655147
655140
655139
655083
655075
653894
653572
653565
652671
652670
651969
651652
651410
650062
649947
649026
648809
647113
646568
646564
646563
646562
646560
646500
646499
639248
639238
621474
581699
581692
581567
581201
581009
580821
580770
580769
580718
571296
568604
567890
567851
567395
567029
566986
566981
566757
566334
566331
566260
418870
418681
418661
418643
418123
418115
418114
397432
373819
371704
371600
370931
362510
362025
362024
361593
359980
359807
359316
358882
358678
358677
358675
358656
358655
358608
358591
357754
357063
356747
356370
356255
356022
356016
355964
355687
355681
355171
354832
354802
354720
354680
354523
354522
354521
354518
354510
354388
354289
354285
354281
354251
354250
354191
354190
354140
354075
354053
353987
353805
353804
353803
353802
353801
353690
353689
353688
353687
353686
353685
353555
353554
353367
353361
352995
352964
352959
352954
352953
352893
352771
352598
352597
352440
352438
352437
352431
352213
352206
352205
352169
352145
351815
351621
351596
351314
351111
351090
350941
350808
350807
350804
350577
350560
350559
350515
350348
350202
350200
350045
350038
349125
349076
347617
308490
308425
308237
308036
307941
307939
307934
307635
307559
307539
307354
307063
307055
306999
306986
306913
306816
306815
306814
306401
290536
287888
279624
279162
278899
277859
276851
276569
276543
276541
276437
275562
275526
274919
263411
250557
250555
249861
249860
249857
249692
249686
249684
249682
249540
248738
248602
248435
248429
248337
247986
247895
246729
219841
211618
211607
211606
211494
210432
209470
209394
209254
208810
208432
208061
207847
207793
207792
207244
206829
152980
151703
151599
151592
151336
150615
150378
150279
150267
150154
150102
149978
149977
149611
149261
149155
148425
121186
110894
107068
104930
104757
102141
101628
101627
101626
101625
100942
100077
99913
99719
99593
99384
99383
99333
98817
98816
98755
98235
98134
98107
97883
97875
97853
97843
97749
97664
97663
97662
97661
97618
97583
97578
97465
97336
97304
97220
97072
97021
96691
96535
96188
83891
82270
81735
79463
79280
79279
78655
78428
77930
77303
29418
29396
29158
28503
28309
28192
27663
26735
26452
26220
728263
694112
654479
356752
308683
10236749
675619
675617
675611
666550
349543
208597
652355
694641
673735
664202
652094
652092
647310
358423
208222
77455
77421
77418
77417
77415
10325012
10313847
10307924
650800
648377
351362
347579
306487
649017
418385
349382
247443
661441
580793
580792
353599
351310
247755
683893
664077
150592
565910
673731
673723
673713
671148
652087
647545
647538
647536
647292
647279
647275
647273
556529
417754
349854
349411
349410
348255
99823
77407
77406
77388
77386
77384
77373
77369
77366
11627908
651764
651763
648367
648364
642158
306548
306547
656636
649008
643083
643039
78976
78973
149223
701822
652730
649166
649165
306786
695582
695581
694100
694094
689513
676454
676453
664065
664060
664056
658234
653698
653697
653696
645795
640016
581108
358607
358315
354244
354243
351366
694613
662676
654062
652086
652083
644284
208057
76973
76963
76962
76949
76943
76941
10308371
10307926
10307315
10239206
10239205
10239204
10239203
10239202
10239201
679238
651628
648357
648331
642133
565421
675071
649002
648998
643017
643014
643013
565923
417248
347296
653679
353596
276708
276705
276701
27564
662784
662782
653863
653858
306598
672750
664193
647583
638698
638674
638671
353703
349409
348290
77556
76919
76914
76912
76893
667892
651617
651614
648344
642122
349368
249032
205688
205687
652553
642990
25236
651444
651442
652726
348219
16114334
16114333
16114332
16114331
757252
754298
754185
754183
751296
751243
751240
748910
748909
746336
746335
746334
745360
744625
743772
740950
739349
736645
736644
736643
736642
736640
732974
730727
730724
730714
727731
727699
727576
725402
724240
723581
723575
723574
723310
717827
713900
713899
713898
710773
707185
707102
707101
705110
705108
704942
704940
704117
702571
702570
700886
700883
700880
700875
700873
700872
700742
700396
699832
699831
699829
699107
697460
697210
694904
694317
694314
694074
694068
694065
693702
693413
692366
691829
691768
691656
691600
691571
691570
691569
691336
691335
691333
691332
691331
691330
691329
691328
691327
691324
691323
691322
691321
691320
691319
691318
687292
686458
686457
686043
686038
686037
685693
685280
685087
685079
685066
685034
684835
684830
684543
684536
684326
684308
683758
683755
683754
683727
683708
683441
683029
682840
682837
682835
681460
681459
680607
680298
679570
679567
679538
679536
679535
679534
679515
678278
678277
677679
677369
677159
676831
676535
676534
676396
676266
676253
676183
676181
676176
676045
676032
676019
675917
675900
675324
675313
675308
675307
675125
675121
675107
674851
674850
674845
674842
674838
674713
674174
674173
674170
674169
674168
674167
674166
674165
674164
674163
674145
673990
673866
673583
673501
673500
673450
673362
673346
673188
672776
672397
672129
672128
672126
672097
671992
671952
671951
671950
671949
671948
671426
671405
671404
670843
670841
670483
670123
670122
670121
670118
670116
670083
670082
669813
669811
669810
669807
669801
669467
669412
669409
669408
669407
669402
669111
667977
667771
667586
667153
666971
666969
666665
666305
666303
666301
666299
666213
666212
666208
666114
666113
665934
665932
665054
665052
665051
665044
664890
664869
664868
664864
664863
664862
664838
664645
664625
664431
664376
664178
664165
664133
664021
664020
664019
664018
664017
664014
664013
663520
663071
663061
662812
662811
662807
662803
662777
662521
662516
662508
661801
661425
661305
661125
661124
661123
661122
661121
661119
661118
661117
661116
661115
661114
661112
661111
661108
661107
661106
661100
661099
661096
661089
660942
660933
660932
660931
660930
660909
660905
660742
660709
660708
660689
660684
660117
660112
659915
659912
659601
659600
659575
659574
659502
659500
659478
659469
659349
659348
659320
659232
659231
659108
659100
659090
659035
659030
658765
657991
657933
657818
657594
657366
656597
656229
656211
656044
655932
655839
655716
655496
655258
655244
655134
654905
654690
654686
654405
654404
654402
653954
653938
653913
653889
653615
653610
653170
652858
652217
652209
652205
652198
652193
651930
651921
651910
651337
651086
651085
651084
650649
650122
650119
650106
650066
650006
650003
650002
650000
649999
649998
649997
649996
649995
649770
649769
649766
649440
649439
649149
649148
648225
648222
648221
648220
648208
648169
648166
648138
647638
647627
647620
647198
646626
646546
646544
646543
646536
646517
646509
646506
646497
646495
646493
646400
646399
646320
646317
646273
646257
646251
646241
646163
646160
646049
646046
646035
646033
646002
645760
645757
645754
645753
645745
645741
645674
644448
644445
644443
644438
644369
644363
644357
644356
644353
644091
644050
644047
643771
643769
643768
643119
642918
642793
642792
642669
642560
642559
641654
641644
641641
641582
641570
641397
640354
640348
639583
638405
637003
629839
581327
581307
581076
581012
580903
580823
580822
580697
580636
580602
580552
580551
580512
571637
570021
569242
567915
567708
566975
566974
566926
566916
566709
566345
566328
566166
566052
566034
556530
418786
418741
418145
418126
418122
417890
417800
417700
417611
417589
417585
417574
417412
417221
417158
417155
417045
416862
399303
394237
380712
369732
368916
368915
368912
367296
367294
367292
365031
365030
360784
360783
360306
360057
359417
359415
358887
358104
357787
357776
357775
356408
356407
356337
356282
355991
355957
354825
354419
354415
354267
354183
354159
354158
354021
354020
354019
354015
353927
353924
353799
353768
353675
353674
353673
353023
353022
353018
353017
353015
353013
352947
352944
352942
352856
352476
352173
352066
352065
352063
352061
352007
351949
351884
351595
351591
351306
351083
351081
351080
351078
351077
351074
351072
351070
351057
351056
351055
351053
350898
350883
350882
350799
350782
350396
350364
350361
350342
350311
350198
350197
350111
350109
350043
349765
349602
349492
349436
349426
349378
349377
349296
349218
349094
349093
349092
349091
348270
348229
348138
348137
348136
348135
348121
348116
348018
347980
347962
347942
347922
347612
347606
347585
347494
347223
347222
347043
347042
347014
346520
346257
343795
310662
310525
308933
308676
308558
308552
308317
308250
308214
307997
307996
307760
307755
307660
307624
307244
307072
306975
306760
306403
306402
306282
306234
306216
306194
306193
306119
305955
288593
286580
283513
281009
280506
278652
277832
276955
276953
276850
276791
276786
276579
276154
276152
275030
274815
274627
274556
274485
274162
274017
274016
273672
273671
249160
249155
248336
248328
248325
248324
248067
248057
247900
247565
247548
247545
247544
247281
216788
214532
211892
211891
211754
211604
211597
211594
211592
209697
209242
208498
208063
207938
207719
207655
207403
206584
206415
205284
153117
151652
150637
150051
149976
149975
149974
149973
149947
149900
149894
149769
149489
149488
149487
149486
149469
149465
149304
149275
149274
149272
149065
149059
148894
148455
148350
148249
148234
116327
112528
105813
105699
105534
105120
104667
103471
101749
101624
101623
101622
101621
101619
100936
99791
99539
98897
98821
98689
98361
97865
97835
97740
97658
97657
97656
97645
97379
97232
97231
96735
96734
96713
96576
96573
96412
96376
96375
96370
96369
96256
96255
96123
96011
84072
80975
78557
77790
77774
77758
77149
30142
30141
30137
27967
27035
26694
25909
25745
25635
698008
674775
674773
674770
661776
653659
354147
306712
675446
652072
652068
644834
638646
638632
565557
347687
347686
76884
76873
76841
662163
651611
651610
651609
651608
649336
648338
633592
633590
633586
633585
633579
556325
306567
247173
648995
643073
642979
642977
642973
347292
205784
651422
651421
743705
643822
105808
98752
662769
662766
662765
662761
652334
675436
675434
673671
673669
661722
661718
661709
647560
638600
638598
638597
638595
638594
638589
638586
638581
638572
356922
349853
347566
346158
150053
76836
76830
76811
662157
653277
639715
416234
306043
306039
668710
652536
652529
640568
634341
307490
306160
273146
672303
655828
655826
643819
356904
206996
10307912
690467
690466
690465
631791
695731
695728
674801
674760
674755
664685
662663
662658
662655
661765
657743
654046
654045
649489
643105
643104
643103
638550
566375
565238
358625
354043
351992
348660
347315
347314
276504
206257
85838
85818
673833
673829
657211
652027
652026
642783
639703
633563
633562
633553
347220
344915
306522
305840
634322
634321
346457
345120
305884
305540
10314909
10308663
10308220
10308219
10308218
10308217
10307574
10307573
10307282
10236997
10236996
10236995
651419
651412
162764
645856
644208
643817
347560
675604
675600
652618
643367
643361
643360
643358
351105
672722
662650
662649
662648
662642
654042
654038
638912
638500
566433
417271
416869
354037
353455
353453
351556
349850
349849
346151
305816
305661
207006
205309
97794
97506
76783
76770
76769
76763
76762
76760
642781
642778
642777
347260
346334
643635
643634
631713
628419
628417
628414
628410
24177
642645
642643
347200
346339
634924
643716
633552
633545
633540
344914
12326847
10328039
10328037
10328036
10328035
10328034
10328033
10328032
10328031
757979
757637
757635
756814
754857
754851
754843
754842
753804
751599
751596
750203
734453
734449
730694
730280
730279
730278
730268
730266
730265
729395
726659
726658
726656
726652
726649
722604
722602
720328
720326
718055
718051
711292
711291
711289
711284
711281
711280
705902
705132
705128
704974
704134
703730
703729
702559
701501
697198
696978
696088
696087
696084
688495
688494
688410
687847
687068
686951
686949
686616
685684
685682
684380
684210
684207
684204
684203
683698
683694
682238
682235
680906
680895
680894
680893
680575
679870
679867
679866
679865
678345
678238
678235
678225
677807
677806
677805
677629
677626
676701
676237
676235
676233
676232
675116
675113
673959
672389
672386
672194
672193
672192
672191
672190
672189
672188
672187
672185
672182
672116
671967
671959
671926
671921
671388
669795
669788
669787
669465
669456
669455
668816
667711
667708
667705
666966
666965
666961
666390
666295
666294
666217
666203
665959
665627
665621
664982
664980
664909
664907
664906
664804
664773
664613
664605
664597
664596
664595
664505
664499
664143
664142
664139
663938
663518
663475
662760
662751
662749
662748
662747
662745
662637
662625
662624
662590
662505
662493
662486
662482
662480
662314
662287
662286
662285
662284
662283
662226
661173
661172
661078
661077
661060
661059
661058
660929
660928
660926
660925
660579
660578
660575
659679
659677
658952
658949
657677
657261
657076
656678
656670
656320
656319
656314
656189
655346
655344
654675
654535
654534
654533
654527
654526
654525
654147
654140
654137
654136
654112
654097
654094
654093
654032
654024
654020
654016
654002
654000
653990
653815
653811
653435
653433
653432
653428
653426
653243
653239
652803
652799
652787
652785
652784
652783
652782
652781
652780
652779
652699
652456
652403
652299
651944
651943
651889
651845
651558
651340
651339
651325
651235
651196
651159
651158
651155
651151
651147
651143
650964
650882
650878
650877
650876
650874
650794
650790
650789
650787
650785
650769
650768
650754
650751
650743
650721
650719
650718
650717
650716
650373
650370
650369
650368
650367
650362
650361
650360
650103
649991
649990
649988
649987
649985
649650
649639
649250
648441
648400
648307
648302
648053
648051
647785
646937
646746
646483
646482
646478
646474
646447
646378
646372
646369
646364
646335
646334
646333
646235
646226
646222
646221
646215
646203
646200
646191
646190
645770
645733
645730
645729
645726
645725
645703
645702
645701
645665
645659
645653
645650
645530
644563
644526
644515
644306
644305
644304
644303
644302
644301
644300
644298
644296
644294
643799
643797
643796
642906
642612
642502
642447
642442
642440
642433
642231
641854
641414
641361
641343
640944
640943
640292
639617
639519
639414
638721
638720
638484
638476
638095
638054
637717
637716
637714
637710
637647
637635
637633
637449
637448
637447
637425
637423
637195
636986
636982
636981
636099
636098
635780
635751
635635
635632
635629
635610
634865
634617
634270
634265
633950
633037
633036
633030
633019
632939
632926
632569
632567
632562
632466
632399
632366
630978
630975
630967
630691
630686
583453
581581
581291
580960
580936
580853
580669
580668
580432
580413
567535
567382
567208
567207
567206
567205
567204
567203
567202
567028
566417
565986
565875
565607
565582
565346
565237
565191
565080
564918
418687
418604
418603
418601
418593
418592
418575
418572
418560
418513
418397
418266
418124
418088
417964
417947
417682
417651
417649
417648
417625
417619
417217
417215
417094
416879
416878
416877
416694
416682
416411
397428
397427
395576
375873
365035
362022
361677
361676
360346
360344
358696
358693
358688
358685
358401
357440
357439
356704
356145
355988
355686
355210
355207
355161
355160
355159
355157
355156
355155
355134
354843
354629
354311
353384
353383
353279
353272
353004
352940
352939
352937
352933
352932
352929
352927
352926
352421
352281
352260
352038
352037
352036
351947
351551
351550
351505
351489
351488
351452
351259
350420
350308
350257
350255
349971
349940
349939
349859
349858
349737
349736
349735
349710
349708
349707
349705
349553
349551
349550
349549
349548
349451
349447
349376
349276
349245
349108
349090
348707
348705
348622
348619
348462
348374
348178
348133
348130
348113
348112
347998
347630
347626
347173
347167
347077
346614
346546
346310
346201
346183
346169
346006
345906
345886
345832
345796
345577
345462
345337
344852
344851
344848
344842
344790
343836
309434
309433
308248
308245
308050
307870
307866
307283
307214
307111
306989
306791
306790
306757
306472
306392
306391
306245
306225
306192
306191
305660
288118
280619
280617
280322
280292
276767
276185
274297
274245
273860
273853
273846
273844
273778
273768
273766
273712
273711
273087
273084
273080
273076
264070
261396
249404
249138
249133
248424
248065
248038
248035
246307
246181
220739
211758
211142
209523
209522
209521
209520
209519
209514
209236
208734
208325
207750
207749
207375
207050
206885
206872
206767
206762
206759
206758
206630
206512
206275
206124
205648
205125
205123
153485
151465
151464
151463
151462
150630
150625
149664
148849
148814
148740
148737
148649
148648
148647
148449
148434
148432
148420
148399
148374
148230
148167
147965
147805
147452
107625
104540
104539
104538
101698
101618
101617
101615
101444
100843
99925
99922
99452
98464
98363
98087
97743
97380
97226
97225
97224
97223
96761
96743
96742
96629
96516
96507
96405
96365
96314
96156
96152
96149
87184
83628
80139
79241
79023
76275
76261
76243
76228
75918
38879
28423
26989
26905
25857
25854
25853
25777
25664
24899
663343
663341
663340
662139
662123
661755
656195
649322
348386
348385
345075
307193
96497
662130
653685
631706
631705
628609
628397
369573
344174
304985
203900
203852
10307752
642639
25396
643708
636023
636018
633530
675389
662617
662611
662585
644829
643092
630371
630355
630344
630324
580225
354030
204393
76216
76206
76182
76179
76171
76164
639668
628841
306027
306026
306024
148004
631697
631693
628395
415240
351476
351475
275646
275644
644202
644198
643810
347559
648685
636535
628061
249013
249012
249011
249009
249008
249007
249006
675375
657059
657058
644818
644817
644816
644815
643566
643563
643558
632076
630317
630314
630313
630304
630301
630300
630292
630288
628825
347685
305271
97791
76153
76140
76138
76137
76135
76130
651600
651599
643227
634203
347332
306521
306510
204857
690448
631757
628377
415238
345248
207030
24175
746192
746190
746189
674739
662118
654401
654292
654288
648103
644156
644155
640935
640933
637083
633979
633978
633976
581796
416718
370926
351988
349908
349893
346544
345521
345520
307789
280992
218259
205529
634916
10307587
10273033
10236765
10236763
10236762
10236761
10236706
648539
636002
628057
628055
628050
349527
634591
661684
653471
644801
643554
349714
343243
76098
76096
76085
76078
76068
657186
657185
657184
639658
639652
634106
565281
565001
350401
346331
628593
627394
625315
625309
342953
342952
246224
274658
247627
652589
628037
628552
249001
634398
634396
634392
630515
630514
630221
343904
343903
343901
305282
147120
76057
76040
76039
76028
631063
631062
306053
634834
622139
340953
245682
16114327
16114326
12277833
757768
752766
747939
747936
747451
747450
746331
746330
746329
746114
743769
742931
739342
739334
728638
727661
724647
723571
723570
723568
723564
723562
720110
715891
705411
702814
702509
701858
689712
687844
687266
687262
687261
687248
683419
683048
683047
680995
680978
680976
680975
680848
677750
677736
677521
677517
676330
675830
675822
675365
675137
675032
675005
675002
674032
673475
673127
670756
669591
668614
666960
666958
666723
666529
666528
666522
666521
666448
666128
666126
665650
665645
665618
665041
665040
665037
665035
665032
665031
665030
665029
665028
665027
665026
664449
664189
664186
663679
663298
662990
662989
662743
662742
661493
661292
660972
660006
659687
658884
658807
658752
658366
657708
657705
657664
657662
657631
657614
657071
657067
657063
656653
656652
656029
655538
655520
655514
654704
654561
654548
654523
654522
654520
654515
654507
654506
654328
654283
654249
654248
654245
654185
654070
653986
653984
653975
653972
653963
653961
653955
653579
653576
653415
653414
653413
653412
653408
653405
653404
653400
653296
653172
652775
652774
652773
652772
652771
652770
652769
652768
652767
652766
652765
652764
652763
652762
652761
652760
652759
652714
652713
652427
652375
651857
651804
651295
651289
651267
650887
650886
650864
649762
649710
649535
649531
649530
649388
648928
648927
648926
648925
648924
648921
648919
648800
646433
646430
646298
646293
646071
646026
645229
645226
645214
645045
645043
645041
645037
645036
645025
645024
644952
644902
644893
644868
644758
644756
644754
644751
644741
644725
644691
644689
644395
644170
643540
643435
643430
643429
643410
643161
642972
642970
642688
642687
642686
642685
642478
642366
642363
642361
642344
642300
642296
642291
642288
642287
642286
642283
642095
642091
642044
641909
641501
641199
641194
641110
641105
641101
641091
640832
640797
640739
640730
640729
640721
640714
640642
640632
640628
640362
640361
640360
640359
640358
639611
639458
639372
639126
639117
638982
638723
638431
638107
638040
638023
637898
637895
637833
637831
637750
637730
637587
637586
637584
637534
637530
637524
637496
637401
637400
637395
637394
637393
637389
637388
637190
637059
637055
637050
636872
636667
636409
636408
636407
636140
636134
635996
635995
635994
635993
635992
635991
635838
635767
635760
635726
635724
635095
634628
634257
633963
633878
633682
633681
633680
633281
633280
633006
632997
632991
632990
632958
632907
632903
632869
632695
632667
632666
632657
632656
632629
632626
632624
632616
632390
632202
632038
630947
630944
630942
630934
630914
630461
630376
630374
630373
630167
630164
629717
629712
629665
629659
629642
629635
629628
629569
629513
629495
629493
629491
629486
629329
629322
629316
629250
629192
628888
628863
628862
628851
628750
628745
628733
628655
628650
628649
628278
628276
628229
628128
627125
627120
626314
625679
625675
624452
624175
623909
622043
581559
580971
580811
580810
580809
580667
580661
580620
580484
580381
580294
580246
580233
570463
569641
569299
568008
565929
565729
565675
565597
565561
564671
564599
564480
556287
418866
418768
418551
418400
418399
418078
417432
417293
417190
417040
417032
417031
417029
417027
417026
416843
416530
416505
416301
416280
416192
416164
416163
416147
415929
415928
415640
415579
415560
415552
415550
401427
400823
400821
400820
389368
379572
379570
369727
369464
364463
358330
357750
357101
354223
353951
353666
352302
352060
352058
352051
351924
351723
351582
351345
351248
349979
349978
349934
349847
349840
348724
348721
348719
348666
348359
347696
347692
347643
347382
347372
347370
347318
347208
347207
347205
347156
347140
347100
347099
347073
347072
346611
346609
346531
346522
346512
346511
346510
346509
346508
346492
346489
346472
346382
345997
345962
345961
345960
345931
345926
345903
345901
345805
345801
345644
345574
345573
345572
345557
344846
344811
343883
343882
343775
343684
343682
343681
343670
343620
343285
343281
343256
343255
343165
343131
343127
342647
341908
309674
307786
307125
307088
306752
306750
306723
306703
306698
306628
306385
306383
306365
306015
305915
305895
305674
288188
287120
286486
286485
286484
286481
286479
279721
278394
277826
277825
277824
277823
277821
277820
277819
277818
277817
277816
277815
276263
276141
276137
276129
274325
274238
273385
273150
273105
273104
272864
272456
272429
272207
263886
263885
263883
262591
262590
249308
248234
248233
247810
247809
247795
247375
246947
246868
246802
246509
246483
246203
246121
246019
245801
245308
226428
211630
211559
210751
210611
210413
210149
210114
209590
209234
208193
207209
207041
207000
206933
206906
206160
206159
206070
205985
205519
205402
205190
205023
205022
204757
204264
204193
204072
203694
202836
151920
150086
149484
149483
148808
148502
148165
148164
148144
148143
148090
147835
147658
147542
147521
147520
147424
147384
147194
147160
147066
146584
122526
122522
113727
110479
101614
100887
97951
97868
97750
97414
96888
96695
96639
96635
96567
96566
96546
96533
95933
80891
77606
77602
77329
77278
77071
76983
76621
75573
74789
35890
33772
30173
29385
27926
27923
27920
27918
27914
26960
26955
26954
26951
26115
26093
25985
25346
25247
25059
25001
24997
24683
24682
24669
24668
653056
652176
148116
342737
274694
245409
653535
653527
651751
651749
651745
644855
643597
643596
643595
628465
628459
626863
626854
626841
626833
625650
564226
349720
342064
272810
75483
75472
75460
75453
75441
631047
622573
416342
305536
305338
669159
669154
622122
622118
622117
340951
340949
245670
634005
634004
635392
565074
556446
640097
628927
628925
621901
621888
416429
345250
340719
146099
147435
644850
644849
644848
643590
643586
630499
624050
624023
565952
565951
417452
347689
347688
345133
245746
75425
75405
75398
622040
304982
670752
670750
563974
245659
664668
664665
654319
642894
642890
628268
628267
625999
624671
624670
624669
415895
349624
343595
342469
305836
203563
622358
75950
634851
634849
634846
563932
413943
340716
146097
625416
625414
10325121
10324998
10307222
10307221
10307220
10307219
10307120
10307111
10289109
10236739
653504
651734
636262
634496
624005
624003
622547
564470
341304
75369
75348
75345
650045
628366
622069
622029
345675
305531
305530
622098
622094
622090
622087
340943
244946
23495
273804
343095
621851
621850
415283