7214858
7015646
7012963
7470308
7221128
7248019
7245379
7245373
7195621
7027207
6945565
7220035
7455817
7455815
7207309
7010096
7453667
7432428
7432427
7432426
7232301
7232300
7243656
7219024
7454586
7454583
7448569
7448568
7257117
6789538
6109169
6109152
7439071
7222699
7007796
6780878
6777513
7432415
7432406
7432402
7432401
7192930
6906671
6256917
6907614
6167977
7471661
7471659
7464328
7454121
7446636
7440325
7440324
7440323
7440320
7290408
7290406
7245760
7222764
7221103
7221099
7007755
7004191
7002890
6787810
6777351
6457256
6261112
6164169
7220023
7467110
7448550
7448549
7448543
7448539
7448528
7219296
7012565
7008333
7004562
6937067
6108485
6108475
6108459
6108455
6108445
7439065
7439064
7434020
7431608
7431606
7431601
7002525
7455547
7432392
7432391
7432388
7274919
7467801
7456069
7252626
7454120
7454119
7454118
7454117
7017631
7017629
6969871
6256908
6256902
6256897
6256690
6256689
6161324
7220019
7467101
7467100
7459751
7444689
7442850
7437880
7437870
7243591
7017598
7006932
6257367
6254606
6108434
6108415
6108413
6108406
6108404
6108397
6108394
6108393
7464636
7459961
7431586
7431585
7207118
7006976
7006973
7006971
7006970
7006965
7006964
7001072
6910193
6894014
6765653
6450674
6253784
7218948
6783789
18788170
15615055
15615052
12310335
12310088
12310070
12310066
11658622
7471953
7470614
7470219
7469580
7469397
7469329
7469122
7468687
7468686
7468685
7468684
7468683
7468682
7468681
7468680
7468679
7468678
7468677
7468676
7468675
7468674
7468672
7468671
7468670
7468669
7468668
7468665
7468664
7468156
7467307
7467306
7467180
7467179
7467175
7467167
7466689
7465552
7465551
7465534
7465533
7465531
7464778
7464776
7464446
7464007
7463966
7463412
7463293
7463292
7463190
7463189
7462885
7462883
7462706
7462705
7462704
7462703
7462702
7462701
7462700
7462698
7462695
7462590
7462587
7462358
7461719
7461638
7461636
7461496
7461294
7461289
7461288
7461287
7459263
7459258
7459156
7459010
7458503
7458498
7458464
7458461
7458401
7458395
7458392
7458390
7458357
7458182
7458181
7458070
7457703
7457693
7457474
7455874
7455871
7455862
7455859
7454491
7454488
7454484
7454483
7454471
7454469
7454467
7454191
7452751
7452748
7452747
7452744
7452203
7452169
7451663
7451539
7451117
7451113
7451112
7450074
7449471
7449372
7449368
7448583
7448581
7448580
7448579
7448578
7448577
7448520
7448517
7448142
7447779
7447531
7447528
7447191
7447190
7447189
7447169
7447165
7446675
7446612
7446550
7446546
7446502
7446495
7446494
7446493
7446420
7446402
7445312
7445311
7445306
7445241
7444767
7444724
7444723
7444561
7444560
7444559
7444558
7444554
7444550
7444542
7444541
7444052
7443122
7443112
7441851
7441799
7441422
7441416
7441414
7441348
7441053
7441039
7441038
7440614
7440317
7440312
7438664
7438660
7438658
7438657
7438650
7438645
7438571
7438077
7437729
7437727
7437339
7436846
7433318
7431993
7431985
7430529
7429465
7341488
7341487
7341486
7341484
7341071
7320485
7313839
7309841
7307974
7307972
7302415
7298483
7297947
7297340
7297339
7297338
7297337
7297336
7297333
7297330
7290491
7290490
7290489
7289354
7289353
7289352
7289351
7289350
7289349
7281236
7281235
7281234
7279677
7278479
7275280
7272539
7269798
7268674
7268671
7268298
7268293
7268290
7268289
7267519
7266402
7266233
7262483
7261461
7259579
7257797
7256728
7252191
7251267
7251266
7251265
7251263
7251261
7251259
7251258
7251129
7251127
7251122
7249230
7249226
7249221
7249202
7248010
7244874
7244502
7244113
7244112
7243404
7243221
7243213
7241800
7241799
7238396
7238219
7238213
7238206
7237273
7236185
7236181
7236136
7236127
7235683
7235680
7235677
7235676
7235675
7235607
7234167
7233537
7232782
7232771
7231926
7231925
7231924
7231923
7231922
7230576
7230573
7229261
7228841
7228840
7228594
7228389
7228190
7228186
7228184
7228183
7227251
7225207
7224502
7224375
7224373
7224371
7223195
7223193
7223192
7223191
7223190
7223189
7223188
7222928
7222872
7222583
7222571
7222397
7222395
7222392
7222386
7221694
7221686
7221590
7221589
7221382
7220540
7220539
7220538
7220537
7220536
7220535
7220533
7220532
7220531
7220530
7220528
7220527
7220526
7220525
7220455
7220454
7220450
7220446
7219846
7219845
7219844
7219843
7219842
7219841
7219838
7219733
7219442
7219016
7219015
7219014
7217419
7216927
7216738
7216736
7216735
7215739
7214902
7214619
7214503
7213231
7213230
7213221
7212557
7212553
7212442
7212440
7212435
7212432
7212431
7211811
7211300
7211291
7210890
7210889
7210886
7210319
7210172
7210167
7209690
7209689
7209688
7209190
7208457
7208391
7207956
7207649
7206627
7206614
7206613
7206609
7206608
7206607
7206606
7206605
7206504
7206503
7206501
7206464
7206462
7205148
7205078
7205067
7204102
7204085
7203373
7202773
7202601
7193947
7193658
7193657
7193656
7193655
7193654
7193415
7192886
7192812
7192630
7192491
7192324
7192156
7185938
7185937
7185935
7185934
7185933
7185931
7053105
7041469
7035741
7035740
7033355
7031326
7031079
7031076
7031075
7029693
7026639
7025398
7022421
7022149
7021928
7021764
7019277
7018225
7017192
7016277
7016049
7016028
7016027
7015633
7015032
7014963
7014446
7014444
7013624
7013589
7013379
7013377
7013245
7013096
7013067
7012831
7012830
7012613
7012612
7012610
7012502
7012500
7012499
7011653
7011293
7011129
7011127
7011126
7010892
7010828
7010719
7010290
7010238
7010195
7010115
7010114
7010113
7009979
7009943
7009494
7009456
7009451
7009450
7009449
7009037
7008606
7008605
7008604
7008603
7008602
7008601
7008600
7008599
7008598
7008597
7008429
7008428
7008398
7008374
7008329
7008053
7007634
7007607
7007548
7007526
7007524
7007523
7007487
7007484
7007218
7006946
7006476
7006406
7006405
7006123
7006121
7006115
7006114
7006113
7005878
7005877
7005876
7005875
7005874
7005873
7005856
7005854
7005578
7005268
7005267
7005243
7005128
7005125
7004777
7004710
7004691
7004568
7004567
7004557
7004294
7004194
7003778
7003733
7003732
7003729
7003135
7003084
7003081
7003038
7003027
7003026
7002466
7002433
7002421
7001420
7000906
7000900
6973780
6972371
6972289
6972194
6971807
6971585
6971548
6971441
6970851
6970840
6970648
6969784
6969646
6969645
6969619
6969443
6969303
6969283
6952325
6949425
6945519
6945516
6945514
6943287
6940989
6940536
6940065
6939945
6938187
6937755
6937751
6937641
6937305
6937304
6937175
6937028
6937027
6937022
6935635
6935280
6934926
6934562
6910747
6908546
6908527
6907391
6907171
6907132
6906910
6906903
6906858
6906634
6906579
6906183
6906029
6906028
6906027
6906026
6906025
6906024
6906023
6906022
6906021
6905971
6905714
6904236
6904235
6896543
6895948
6894963
6894610
6894339
6894062
6894061
6894060
6894059
6893906
6893900
6893897
6893839
6893808
6893786
6893717
6893476
6821087
6796600
6796599
6792757
6792756
6791290
6791148
6790368
6788865
6788863
6788861
6787809
6787656
6787197
6786716
6785941
6785235
6785234
6785230
6785039
6784420
6784417
6784344
6784247
6784115
6784045
6784044
6784041
6784040
6782921
6782920
6782784
6782267
6782263
6782031
6781915
6781426
6781350
6781349
6781348
6781347
6781346
6780698
6780687
6780634
6780633
6780632
6780277
6779848
6779725
6779538
6779537
6779534
6779526
6779523
6779521
6779267
6779265
6779260
6779225
6779224
6778590
6778589
6778457
6778202
6777876
6777719
6777507
6777411
6764488
6764487
6458380
6455763
6454732
6454228
6454015
6454013
6453789
6453786
6452697
6452296
6451941
6451866
6451761
6451608
6451366
6451179
6451178
6451177
6451176
6451174
6450738
6450644
6450574
6450563
6450540
6449977
6449896
6449357
6449226
6273598
6270691
6269259
6267159
6262441
6262243
6261993
6260071
6259427
6258671
6257802
6257453
6257097
6256464
6255850
6255847
6255844
6255793
6255105
6255049
6254903
6193203
6182241
6182240
6182239
6182238
6182234
6182232
6182231
6182230
6182229
6182227
6182226
6171578
6170544
6169213
6165089
6164187
6163678
6162867
6162469
6162290
6162163
6161879
6161588
6160895
6160620
6160077
6160011
6152997
6115817
6111903
6111792
6111770
6111166
6110338
6108969
6101005
7467388
7467383
7456060
7456059
7248090
7248089
7248088
7248087
7248086
7248085
7248084
7248083
7248082
7248081
7248080
7248079
7248078
7248077
7248076
7248075
7248074
7248073
7248072
7248071
7248070
7248069
7248068
7231741
7231739
7225237
7221092
7221091
7221090
7219369
7214851
7214850
7194465
7018513
6971207
6454425
6162283
7445361
7445357
7443509
7443503
7437853
7437852
7437850
7437830
7434129
7193274
7007841
7007839
7001648
6944787
6107808
6107801
6107798
6107791
6107789
6107782
6107774
7464528
7431575
7431572
7431570
7001065
6970335
6779138
6779137
6776303
6159489
7461565
7421972
7421962
6905123
6252467
7453406
6937770
6937763
7464333
7464332
7255332
7208387
7208385
7455653
7448665
7445351
7444688
7444685
7437824
7437812
7437806
7437805
7002256
6777017
6107735
7467361
7431558
7431555
7431552
7001059
7001058
7001057
6777136
7467791
7467787
7467786
7456048
7421946
6999352
6910177
6905107
6905033
6905026
6256890
6256889
6256888
6256882
7207834
7017627
6788856
7467608
7465901
7464603
7464602
7464594
7462082
7461416
7461408
7454580
7454573
7454570
7454567
7454071
7445346
7445343
7444921
7437799
7437796
7437795
7437782
7435528
7233988
7210673
7209465
7209464
7209463
7209462
6781018
6109276
6107707
6107702
6107696
7439041
7433995
7420723
7420716
6780850
6775106
6775103
6258061
7461562
7453397
7453396
7444297
7444294
7444292
7467780
7456044
7456042
7456040
7456039
7445216
7445210
7442339
7442338
7442336
7442335
7246348
7006144
7208023
7208020
7010266
7456297
7456296
7443472
7443466
7437990
7437989
7427684
7427678
7427674
7427656
7423322
6777027
6255606
6255597
6255591
6107652
6107651
6107648
6107634
10313894
10309297
10249317
10249316
10249315
10249314
10249313
10249312
10249164
10249135
7431534
7431531
7191911
6893852
6779126
6779124
6776296
6253688
7421926
7203329
7001251
7453384
7006959
7006953
6910164
7466947
20443237
12336586
12336585
12336583
7471937
7470275
7470273
7470268
7470266
7470222
7470011
7469611
7469045
7467298
7467295
7467255
7467254
7467253
7467252
7467248
7467227
7466960
7466457
7466065
7465754
7465753
7465293
7464857
7464855
7464854
7464772
7464765
7464764
7464343
7464340
7463927
7463925
7463727
7463718
7462688
7462687
7462686
7462027
7461706
7461705
7461457
7461393
7461391
7460702
7460695
7460616
7460614
7460529
7460162
7460138
7459201
7458151
7458148
7458053
7458046
7457773
7457757
7457496
7457495
7457303
7457302
7457301
7457300
7457298
7457297
7457296
7457295
7457294
7457293
7457292
7457291
7456580
7456417
7456406
7456271
7456263
7456262
7456248
7456238
7456237
7456236
7455648
7455450
7455305
7454725
7454724
7454723
7454722
7454721
7454720
7454719
7454718
7454717
7454716
7454715
7454434
7454429
7453126
7453118
7452997
7452814
7452793
7452788
7452637
7452536
7451718
7451716
7451581
7451573
7451346
7451343
7451342
7451322
7451321
7451320
7451319
7451318
7451317
7451316
7451315
7450741
7450555
7450551
7450548
7450545
7450331
7450099
7449885
7449218
7448916
7448896
7448661
7448660
7448402
7448391
7448137
7448136
7447964
7447963
7447430
7447426
7447299
7447298
7447155
7447154
7446908
7446661
7446476
7446468
7445854
7445851
7445850
7445847
7445846
7445727
7445724
7445461
7445299
7445280
7445279
7444812
7444538
7444534
7444533
7444532
7444529
7444527
7444513
7444257
7443461
7443459
7443454
7443341
7443318
7442996
7442993
7442893
7442563
7442531
7442320
7442028
7442027
7442025
7442024
7442023
7442021
7442020
7442019
7442018
7442015
7442007
7442000
7441977
7441939
7441937
7441786
7441036
7440987
7440756
7440751
7440471
7440465
7440464
7440462
7440460
7440126
7439991
7439990
7439983
7439696
7439082
7439079
7438642
7438185
7437370
7437368
7437358
7437321
7437320
7437187
7436836
7436818
7436736
7436735
7436655
7436653
7436651
7436649
7436646
7436613
7436596
7436467
7436457
7436435
7436432
7436429
7436067
7436058
7435829
7435768
7435470
7435464
7435425
7435424
7435423
7435420
7434216
7434206
7434168
7433679
7433676
7433614
7433554
7432902
7432895
7432890
7432883
7432877
7432874
7432735
7432725
7432724
7432577
7432066
7432063
7432062
7431963
7431647
7431453
7431373
7431372
7431182
7431181
7431169
7431086
7430982
7430608
7430220
7428954
7428471
7428470
7428460
7428455
7428303
7428258
7427627
7427618
7425192
7425189
7425025
7425017
7424770
7424769
7419963
7419019
7419017
7348349
7348347
7345656
7319433
7313827
7297271
7297270
7297268
7297256
7294913
7294864
7292187
7292018
7287527
7285153
7274986
7267485
7262967
7260692
7257113
7256426
7255901
7255209
7255208
7255207
7255206
7255205
7255204
7253230
7253229
7253228
7253227
7253226
7253225
7253224
7253223
7253222
7253221
7253220
7253219
7253218
7253217
7251472
7250714
7249401
7249135
7247891
7247885
7244517
7244516
7244515
7243209
7243207
7241797
7241796
7241795
7241439
7241434
7241431
7236168
7236161
7234825
7234821
7234820
7233936
7233769
7232276
7231697
7231085
7230745
7230744
7227426
7226774
7226584
7224985
7224984
7224902
7223122
7223120
7223118
7222690
7221986
7221981
7221374
7221077
7221075
7219806
7216978
7216977
7216975
7216974
7216537
7214811
7214810
7214217
7212488
7212485
7212482
7212481
7212469
7212466
7212419
7212412
7212407
7212406
7212370
7211630
7211523
7211355
7211333
7211328
7210696
7210579
7209286
7208047
7208036
7208035
7208002
7207997
7207996
7207383
7207363
7207352
7207348
7207342
7205937
7205936
7205832
7205831
7205830
7205829
7205106
7203571
7203319
7196109
7196070
7195705
7195605
7193948
7193444
7193286
7192703
7192296
7191797
7188071
7053076
7048575
7027975
7026519
7024693
7024300
7024298
7021925
7020228
7019489
7019488
7019487
7019486
7019483
7018487
7017189
7017119
7016253
7016251
7016249
7015192
7013355
7013354
7012992
7012991
7012990
7012989
7012988
7012447
7012434
7011968
7011479
7011125
7011124
7010830
7010264
7009351
7009078
7008988
7008808
7008777
7008678
7008354
7008305
7008120
7008119
7008013
7007863
7007862
7007832
7007830
7007682
7007521
7007197
7007115
7007058
7006207
7006160
7005894
7005848
7005459
7005207
7005206
7005205
7005204
7005203
7005202
7005201
7004336
7004153
7004012
7004008
7004007
7004004
7004003
7004000
7003728
7003686
7003506
7003434
7003213
7003212
7003211
7003193
7003192
7003141
7003066
7002959
7002900
7002862
7002795
7002794
7002527
7002519
7002507
7002086
7002085
7002071
7002069
7001925
7001910
7001901
7001657
7001654
7001538
7001336
7001297
7001036
7001035
7001027
7001026
7001025
7000999
7000998
7000723
7000410
7000226
6999908
6999104
6996303
6996302
6996301
6996300
6996299
6996298
6996297
6996296
6996295
6996294
6996293
6996292
6996291
6992130
6974893
6973173
6973171
6972663
6972660
6972459
6972458
6972001
6971997
6971992
6971990
6971469
6971018
6970915
6970828
6970724
6970723
6970643
6970581
6970234
6969945
6969944
6969887
6969886
6969783
6969542
6969442
6969346
6968860
6968743
6968600
6942099
6941035
6939997
6939034
6938106
6937567
6936482
6935959
6935817
6935812
6935807
6935796
6935596
6935271
6934178
6934037
6933299
6933197
6932499
6909315
6907967
6906627
6906570
6906563
6906562
6906095
6906085
6905221
6904794
6904755
6904611
6903811
6903541
6903394
6894493
6894492
6894491
6894490
6894134
6893686
6893602
6893591
6893534
6893526
6792217
6789419
6788518
6787194
6784661
6784383
6784382
6784380
6784349
6783989
6782917
6782916
6782619
6782538
6782534
6780716
6780628
6780211
6779699
6779277
6779028
6779027
6779022
6778387
6778230
6778216
6778024
6778014
6777910
6777873
6777747
6777743
6777579
6777578
6777554
6777303
6776941
6776917
6776916
6776902
6776809
6776793
6776371
6776339
6776338
6776337
6776336
6776284
6776252
6776243
6776242
6775892
6775885
6755635
6456194
6455655
6454563
6454549
6454011
6453580
6453474
6453083
6452465
6451857
6451853
6451791
6451335
6451001
6450415
6450414
6450296
6450284
6450089
6450016
6449798
6449795
6449618
6449406
6449187
6449146
6448996
6448974
6448541
6265662
6264178
6263404
6262990
6262989
6261034
6259980
6258553
6258328
6258068
6258067
6257797
6257795
6256929
6256731
6255026
6254888
6254722
6254358
6254210
6253235
6253110
6252861
6252678
6166972
6163882
6163384
6161333
6160456
6160285
6160171
6160106
6159516
6113676
6111060
6110179
6110173
6110171
6109393
6108314
6107619
6107603
6107602
6107596
6107588
7464899
7464898
7464896
7453545
7209039
7209034
7010469
7008297
6780910
7465927
7456034
7421908
6903962
6448960
7453382
7453378
7010265
7466332
7466331
7456292
7443425
7442830
7434118
7434110
7432037
7427604
7427597
7427596
7008188
7000293
6779410
6777750
6777704
6107572
6107569
6107548
7420706
7420696
7420695
7420691
6775098
7461550
7412844
6774253
6251370
7453365
7466759
7454080
7208378
6969869
7443415
7443412
7443408
7432566
7427585
7427579
7427575
7207333
7191579
7010100
7003528
7001259
7001258
7000287
6969623
6968874
6893747
6781127
6258284
6255586
6107525
6107523
6107518
6107509
6107498
7460784
7460783
7453528
7420684
7420674
7420673
7420671
7285075
6968361
6158586
7412828
7412826
7001378
6933134
6903942
7465887
7465882
7453363
7444918
7444916
7438983
7219772
7219771
7219770
7215980
7215975
7215972
7215970
7215969
7005650
7004436
6999907
6784348
6775534
6261462
6260602
6254179
6254167
7012805
7003879
7003878
7433083
7433075
7433073
7433071
7433069
7432562
7427550
7427537
7423304
7423300
7210441
6999621
6159508
6107468
6107457
7444913
7421364
7421360
7421357
7411815
6780820
6780819
6780817
7429402
7412808
6903976
6903974
10324476
10317014
10315105
10309276
10283800
10283799
10283798
10283797
10257848
7453355
7003448
6934423
6934422
6109046
7002276
7445183
7432684
7004835
7467092
7467090
7453613
7433063
7427515
7427513
7427508
7427500
7427498
7280595
6107161
6106868
6106867
6106842
7421727
7420664
7420655
6775218
6775212
7412799
7412789
7001248
7000647
6997734
6902944
6159602
12262154
7469801
7469571
7468221
7468169
7467333
7467330
7467146
7467053
7467040
7466974
7466276
7465860
7465284
7464495
7464064
7464063
7464062
7464061
7464060
7464059
7464058
7464057
7464056
7464055
7464054
7464053
7464023
7464021
7464018
7463599
7463598
7463597
7463596
7461891
7461889
7461239
7460891
7460570
7460569
7460568
7460567
7459194
7457461
7457460
7456959
7455866
7455864
7455863
7454505
7454500
7454458
7453092
7452941
7452607
7452528
7452480
7451960
7451958
7451956
7451707
7451364
7451137
7450532
7450526
7449789
7449566
7449563
7449390
7449019
7448630
7448628
7448626
7448323
7448121
7447605
7447418
7447318
7446906
7445845
7445844
7445842
7445841
7445840
7445838
7445489
7445488
7444129
7442982
7442708
7442707
7442706
7442441
7442437
7442434
7442147
7442123
7442107
7442104
7441963
7441465
7441460
7441459
7441451
7441267
7441024
7441022
7441016
7440765
7440356
7440283
7439978
7439977
7439974
7439973
7439693
7439645
7439614
7439608
7438954
7438851
7438745
7438618
7438611
7438598
7438597
7438066
7438003
7437303
7436443
7436214
7436212
7436211
7436193
7436190
7436189
7436135
7436132
7435775
7434701
7434688
7434620
7434619
7434615
7434614
7434611
7434200
7434063
7434054
7434053
7434048
7434045
7434044
7433453
7433452
7433451
7433450
7433449
7433448
7433447
7433446
7433445
7433444
7433443
7433442
7433441
7433440
7432920
7432849
7432846
7432843
7432842
7432838
7432769
7431780
7431763
7431761
7431759
7431757
7431753
7431751
7431639
7431638
7431637
7431636
7431635
7431634
7431464
7431365
7431361
7431140
7431006
7430484
7430463
7430354
7430213
7430210
7430209
7430197
7430195
7429893
7428193
7427708
7427707
7427706
7427705
7427703
7427702
7427701
7427700
7427012
7426915
7426719
7426696
7425958
7425957
7425909
7425889
7425842
7425840
7425717
7425659
7425658
7425656
7425654
7425652
7425591
7425433
7425413
7425408
7425403
7425391
7425115
7424951
7424940
7424900
7424896
7424857
7424833
7424832
7424831
7424823
7424822
7424760
7424757
7424745
7423375
7423374
7422636
7422627
7422599
7422203
7422200
7422196
7422192
7421772
7421584
7421381
7420587
7420583
7420495
7420494
7420493
7420441
7420240
7420237
7420192
7419973
7419846
7419834
7419713
7419708
7419706
7419227
7418500
7418499
7418498
7418492
7418486
7418418
7417956
7417096
7416230
7416226
7416044
7416023
7414795
7414775
7414454
7412271
7410847
7410643
7409399
7408375
7348323
7347052
7347050
7304108
7300039
7300038
7300036
7298544
7292162
7282355
7282353
7274000
7271643
7271642
7271641
7271640
7271639
7271634
7271632
7266226
7266225
7261081
7261048
7256679
7254689
7247697
7247690
7247329
7247327
7245687
7245684
7245683
7245682
7244511
7244510
7244509
7244508
7243199
7241871
7241427
7239680
7239679
7239676
7239590
7239586
7235522
7230888
7230886
7230885
7230613
7230586
7230565
7230064
7230057
7230055
7228833
7228222
7228219
7228214
7228212
7228170
7227094
7227087
7226716
7225007
7224836
7224835
7224293
7224292
7224283
7224103
7221245
7221234
7221233
7221229
7221026
7220434
7219390
7219387
7219383
7218274
7216368
7215694
7215255
7213540
7213539
7212543
7212039
7211938
7209506
7209501
7209359
7209355
7209251
7209222
7208673
7206219
7206217
7206215
7206214
7203719
7203245
7202531
7194611
7193261
7193090
7192464
7192302
7192301
7192253
7191937
7191935
7191698
7191649
7191207
7025455
7023456
7014971
7013934
7013931
7013578
7013078
7012976
7011961
7011154
7010593
7009362
7009359
7008497
7008430
7008410
7008340
7008255
7007726
7007725
7007724
7007723
7007721
7007261
7006873
7006659
7006347
7006346
7006177
7006120
7006119
7006118
7005859
7005802
7005433
7005330
7005329
7005327
7005156
7005150
7004927
7004342
7004341
7004262
7004252
7004196
7004195
7003998
7003997
7003996
7003995
7003994
7003992
7003991
7003973
7003972
7003971
7003970
7003238
7003191
7003086
7002932
7002791
7002700
7002269
7001715
7001333
7001322
7001285
7001084
7001083
7000832
7000831
7000515
7000307
7000171
7000170
7000161
7000052
6999891
6999494
6999267
6999255
6999181
6999177
6999176
6999142
6999031
6999025
6999023
6999020
6999017
6998856
6998444
6998409
6998076
6998026
6996893
6996892
6996891
6996876
6985504
6972501
6971972
6971803
6970825
6970358
6970299
6969874
6969503
6969281
6969219
6969167
6969126
6969067
6969059
6969058
6968978
6968904
6968903
6968902
6968846
6968829
6968634
6968524
6968356
6968320
6967840
6940260
6940259
6940258
6940257
6940256
6940255
6940254
6939987
6939984
6939977
6938760
6937170
6937169
6935581
6935335
6934875
6934779
6934778
6934777
6934776
6934768
6934756
6934220
6934217
6934212
6934210
6933111
6932736
6932537
6932257
6932242
6932190
6931670
6907368
6905650
6904770
6904579
6904461
6904159
6904074
6904070
6903494
6903281
6903257
6903152
6903151
6902978
6902807
6894605
6893972
6893875
6893874
6893873
6893864
6893791
6893652
6893630
6893569
6893568
6893517
6893431
6794132
6794128
6794127
6793671
6793670
6793669
6793668
6788018
6785985
6785984
6785983
6785982
6785981
6785980
6785979
6785510
6785509
6785219
6784614
6784242
6783564
6781091
6780965
6780931
6780426
6779390
6779389
6779388
6779387
6778693
6778650
6778600
6778599
6778598
6778414
6778109
6778107
6778099
6778098
6778096
6778095
6778023
6778021
6778020
6778019
6777966
6777916
6777835
6777516
6777439
6777438
6777437
6777302
6777299
6776900
6776899
6776857
6776518
6776517
6776435
6776430
6776166
6775773
6775772
6775770
6775769
6775624
6775527
6775381
6775063
6775062
6775017
6775016
6775015
6774945
6774428
6454377
6454300
6454206
6454204
6451656
6450996
6450992
6450841
6450654
6450048
6449809
6449807
6449806
6449805
6449794
6449628
6449001
6449000
6448932
6448603
6448571
6448555
6448267
6448128
6270777
6270776
6270775
6270774
6270773
6270771
6268040
6262230
6262229
6258113
6257974
6257969
6257938
6257449
6257265
6256714
6256435
6256335
6256041
6255231
6255046
6255044
6254883
6254879
6253866
6253573
6253414
6253002
6252854
6252853
6252773
6252310
6252309
6252112
6251997
6250970
6164354
6163190
6161991
6160881
6160698
6159821
6159726
6158859
6158301
6111791
6108344
6107393
6107283
7470279
7445700
7220160
7220159
7209027
7209022
7209020
7209019
6999154
6258612
7445177
7003876
7007968
7433045
7433042
7433038
7427471
7427468
7423285
7280587
7210432
7210429
7210428
7191059
7191058
6997763
6775751
6106824
6106814
6106808
6106798
6106783
7433972
7420635
7420632
7420631
6968360
6775095
6109290
7461543
7441891
7421355
7003181
6999250
6902936
7433859
7456658
7437973
7427465
7423276
7423274
7210427
7210420
7000277
6942141
6893561
6450385
6252423
6107442
6107430
6107426
6107416
7411809
6997521
6997519
6780803
7429396
7429395
7429394
6902882
6252633
7453327
7467648
7453685
7424985
7231714
7008363
6903670
6894048
7444417
7427434
7427416
7422523
7422519
7257104
7257102
6999459
6910978
6106776
6106775
6106772
6106740
6106735
7432326
7432127
7432124
7419654
7418626
7461539
7402245
6995840
6967563
7445692
6253576
10248769
10248673
10248551
10248177
7445138
7464170
7437753
7432318
7432313
7412934
7260781
7053195
7020904
6790152
6255558
6253776
6167341
6105593
6105590
6105564
6105559
7442524
7411771
7411768
7411765
7411761
6251286
6105710
7461530
7461528
7402223
7402219
6995835
6772950
7453317
6905396
12313788
12310939
11611095
7471636
7470676
7470007
7470006
7469992
7469387
7468994
7468398
7467589
7466354
7465482
7465481
7465477
7465473
7465469
7465067
7464791
7463833
7462137
7461777
7461769
7461761
7460688
7460684
7460683
7460680
7460679
7460678
7460434
7459642
7458780
7458116
7458115
7456776
7456722
7456453
7455778
7455155
7455154
7455153
7454409
7453721
7453719
7453718
7451929
7451927
7451571
7451238
7448689
7447509
7447145
7447134
7447130
7447128
7445884
7445880
7445877
7445876
7445873
7445569
7445095
7444581
7443960
7443624
7443623
7443581
7443267
7442608
7442417
7442416
7442414
7442413
7442412
7442074
7441730
7441725
7441666
7441662
7441401
7441009
7440345
7440342
7440051
7440047
7440043
7439797
7439791
7439790
7439789
7439788
7439783
7438666
7438532
7438009
7438008
7437962
7437960
7437613
7436541
7436370
7436253
7436243
7436180
7436175
7436170
7436169
7436161
7436158
7436024
7435845
7435844
7435843
7435842
7435798
7435792
7435778
7435520
7434134
7434133
7434132
7434131
7434130
7434104
7434103
7434102
7433291
7433213
7433150
7433016
7432718
7432154
7432152
7432111
7432049
7432047
7432044
7431892
7431728
7431727
7431726
7431723
7431505
7431493
7431491
7430767
7430726
7430409
7430405
7430404
7430403
7430402
7430397
7430176
7430169
7430168
7429805
7429799
7429631
7429630
7429503
7429495
7429492
7429129
7429118
7428972
7428775
7428671
7428433
7428425
7428423
7428200
7428080
7428079
7428078
7427076
7427074
7426724
7426590
7426589
7426139
7426138
7426137
7426135
7426131
7426127
7425612
7425213
7425209
7424883
7424882
7424167
7424166
7424165
7424164
7424162
7424161
7424149
7424044
7423980
7423947
7423933
7423897
7423893
7423892
7423875
7423866
7423816
7423814
7423811
7423808
7423806
7423805
7423803
7423703
7423469
7423468
7422812
7422809
7422723
7422722
7422666
7422665
7422664
7422663
7422662
7422661
7422660
7422659
7422658
7422657
7422656
7422655
7422654
7422653
7422652
7422651
7422650
7422649
7422648
7422647
7422646
7422443
7422437
7422435
7422428
7422427
7422391
7422375
7422373
7422291
7422290
7422180
7422164
7422022
7420922
7420920
7420919
7420918
7420917
7420916
7420912
7420911
7420910
7420909
7420908
7420907
7420904
7420900
7420896
7420886
7420880
7420451
7420449
7420005
7420004
7419543
7418576
7418515
7418459
7418423
7418322
7418320
7418308
7418285
7417387
7417354
7417352
7417071
7416769
7416765
7416758
7416736
7416631
7416624
7416618
7416617
7416357
7416192
7416189
7416188
7416183
7416120
7416118
7416107
7416106
7416105
7416088
7415982
7415923
7415922
7415172
7415171
7414825
7414393
7414389
7413670
7412200
7411312
7411297
7411230
7411065
7411063
7410767
7410292
7410291
7410284
7410023
7409791
7408385
7408380
7408366
7408356
7408355
7406623
7406618
7406100
7406099
7406083
7404315
7404301
7401851
7401846
7398003
7348379
7344650
7344648
7302694
7293815
7293814
7290767
7289250
7289249
7289248
7289246
7271343
7271334
7261655
7256425
7256423
7254007
7249832
7248023
7247517
7244107
7244105
7244103
7244101
7244098
7242228
7241473
7240885
7239543
7239419
7233930
7233061
7233058
7232980
7229314
7228241
7228238
7228237
7228236
7227443
7227119
7227118
7227109
7227108
7225776
7225771
7225770
7225001
7223525
7223262
7219825
7218604
7218517
7218516
7217337
7217335
7213909
7213095
7211126
7211125
7211121
7210851
7210162
7210161
7210157
7209857
7209279
7209278
7209277
7209150
7209011
7207189
7204069
7194618
7194617
7193668
7193280
7192798
7192729
7192439
7192378
7192337
7192334
7192317
7192270
7192269
7192268
7192267
7191917
7191840
7191722
7191640
7191603
7191421
7191246
7190579
7185929
7185928
7185927
7185497
7185494
7053192
7028380
7020855
7018626
7018423
7017845
7017799
7017798
7017136
7016759
7014436
7014435
7014433
7014143
7013897
7013428
7013182
7012672
7012184
7012183
7012182
7012178
7012177
7012176
7012175
7012173
7012166
7010835
7009430
7008774
7008772
7008770
7008769
7008427
7008426
7008316
7008050
7008049
7007227
7006485
7006483
7006218
7006035
7005994
7005971
7005768
7005658
7005247
7005179
7005178
7004362
7004320
7004284
7004280
7004034
7004030
7004029
7003951
7003868
7003867
7003836
7003761
7003628
7003486
7003220
7003032
7003031
7002818
7002816
7002815
7002814
7002813
7002811
7002810
7002424
7002396
7002226
7001941
7001937
7001904
7001739
7001738
7001716
7001390
7001389
7001388
7001346
7001161
7001102
7001043
7001042
7000991
7000844
7000843
7000702
7000701
7000692
7000625
7000447
7000234
7000147
7000103
7000092
6999994
6999986
6999985
6999972
6999767
6999736
6999727
6999726
6999717
6999699
6999698
6999670
6999394
6999164
6999111
6998939
6998877
6998634
6998411
6998390
6998389
6998369
6998262
6998013
6997791
6997610
6997485
6997450
6997402
6997379
6997229
6997228
6995587
6995585
6972069
6972061
6971743
6969918
6969903
6969849
6969481
6969409
6969356
6969299
6969250
6969229
6969109
6969043
6968848
6968718
6968680
6968542
6968514
6968473
6968439
6968102
6967999
6967966
6967965
6967964
6967963
6967871
6967718
6952396
6944962
6944296
6939795
6939790
6938088
6937018
6937017
6935554
6934317
6933234
6932766
6932749
6932598
6932597
6932593
6932433
6932270
6932234
6931890
6931843
6931842
6931136
6927217
6906046
6906033
6905660
6905206
6904525
6904488
6904396
6904395
6904394
6904393
6904118
6904116
6903778
6903756
6903607
6903559
6903386
6902644
6902449
6894806
6894508
6893868
6893530
6893494
6893426
6893256
6893255
6892246
6821445
6820546
6788001
6788000
6787148
6787147
6787146
6787145
6785865
6785221
6785053
6784218
6784217
6783750
6783678
6783677
6783676
6780455
6779787
6779786
6779443
6779272
6779156
6777986
6777921
6777920
6777312
6777132
6776927
6776863
6776687
6776442
6776440
6776325
6776320
6776316
6776157
6776062
6776060
6776059
6775894
6775876
6775593
6775319
6775317
6775270
6775252
6774668
6774424
6774381
6774020
6773920
6773396
6773385
6773384
6773373
6773370
6773364
6764486
6764484
6764483
6763307
6763306
6763305
6763304
6763303
6755638
6755553
6452544
6452543
6452542
6452541
6452540
6452539
6452538
6452537
6452536
6451561
6451555
6451008
6450560
6449947
6449816
6449739
6449484
6449483
6449337
6448495
6448413
6448362
6448031
6447800
6447681
6309966
6302811
6283862
6268001
6267276
6265744
6263989
6262898
6261023
6260834
6259574
6258343
6258043
6257228
6256559
6255610
6255398
6254746
6254450
6254415
6254382
6254225
6253005
6252837
6252835
6252777
6252522
6252433
6252180
6252179
6252175
6252174
6252173
6252172
6252171
6252170
6252169
6252168
6252167
6252166
6252165
6252164
6252163
6252162
6252161
6252159
6252158
6252157
6252156
6252153
6252152
6252151
6252142
6252139
6252137
6252105
6251023
6251022
6250386
6212038
6193202
6182220
6182218
6182217
6182216
6182215
6182214
6182211
6162718
6161266
6160365
6160248
6159617
6159607
6159530
6159328
6158870
6158289
6157855
6117394
6113662
6108309
6108257
6108256
6107851
6107849
6107846
6107844
6106983
6106445
6106370
6106369
6106368
6100926
7453681
7453680
7414706
7445413
7445410
7445408
7445405
7445404
7444881
7427404
7427400
7427387
7427381
7427374
7423172
7412928
7412926
7404261
6903401
6106120
6106116
6106107
6106099
6106095
7421979
6999359
6999358
6999357
6893479
6252468
6158764
7412867
6993950
6902368
7001295
7443556
7423650
7432290
7427362
7423168
7404243
7260772
7260767
6790150
6775745
6157203
6105554
6105548
6105530
6105529
6105523
7460772
7460771
7438163
7432123
7402177
7392191
7392178
6776380
6771427
6248652
7393271
6993946
6967184
6902341
6902250
6902248
6902247
6893073
6968893
7005821
7445397
7445393
7445392
7427338
7427336
7427330
7427328
7423164
7217689
6894304
6775743
6105496
6105482
7451303
7434781
7434780
7434779
7434777
7433733
7421555
7418995
7405988
7392166
7001762
7001759
6993717
6771423
6255686
6993944
6774260
6933342
6933338
7001405
6159610
7444878
7444877
7444876
7444873
10248694
10248481
10248316
10248112
10248011
10247996
10247995
10247993
7445389
7427321
7427319
7427316
7427308
7427307
7421679
7412912
7404234
7260760
7000261
6893560
6777965
6105468
6105466
6105449
7428629
7392158
7392157
7190196
6993706
6159144
7450644
7450641
7383130
6991949
6991947
7453292
6893490
7444412
7433197
7388638
7001404
7445382
7445379
7445378
7427289
7427287
7427276
7427274
7427267
7412902
6997757
6105411
6105410
6105409
6105408
15615061
12262077
7470327
7466784
7466306
7463398
7461247
7461246
7458874
7451151
7449558
7449555
7449551
7449377
7447810
7447412
7447407
7447403
7447263
7447125
7447124
7447122
7447116
7446518
7446516
7445868
7445550
7445502
7445496
7444827
7441908
7440333
7439604
7438920
7438555
7438552
7438199
7438150
7437136
7436958
7436954
7436680
7436571
7436516
7436156
7436149
7436148
7436046
7434481
7434473
7434094
7433396
7430755
7430389
7430388
7429999
7427852
7427699
7427698
7427697
7427696
7427695
7427694
7427693
7427001
7426996
7426419
7426418
7426395
7426340
7426292
7425032
7424466
7424253
7423789
7423786
7423782
7423778
7423777
7423643
7423612
7423383
7423368
7423367
7423366
7423364
7422623
7422119
7421888
7421111
7420812
7420811
7420754
7419794
7418080
7418051
7418048
7416605
7416602
7416403
7416400
7416392
7415843
7415126
7415109
7415039
7415036
7415032
7414995
7414496
7414334
7413580
7413376
7413372
7413364
7413363
7413297
7412706
7412255
7412221
7412182
7412180
7412175
7412134
7412086
7412068
7411585
7411584
7411532
7411528
7411526
7411371
7411370
7411369
7411368
7411351
7411056
7410949
7410903
7410687
7410617
7410472
7409474
7409423
7408723
7408534
7408417
7406943
7406942
7406941
7406576
7406575
7406574
7406524
7406523
7406476
7406475
7406474
7406473
7406472
7406471
7406394
7406393
7406387
7406386
7406385
7406374
7406356
7406354
7406351
7406259
7406257
7406249
7406245
7406120
7406019
7406016
7405979
7405978
7405935
7405911
7405910
7405898
7405895
7405838
7404927
7404920
7403930
7403928
7403927
7403920
7403523
7403519
7403516
7403512
7403499
7403310
7403056
7403055
7403054
7403053
7403052
7403051
7403050
7403049
7403048
7403047
7403046
7403045
7403044
7402823
7402819
7402815
7402814
7402811
7402801
7402002
7402001
7402000
7401999
7401998
7401839
7401694
7401693
7401690
7401242
7401241
7401239
7401238
7401229
7401208
7401204
7401187
7400903
7400883
7400835
7400105
7399892
7399500
7399495
7399244
7398428
7398322
7398167
7398053
7397991
7397628
7397378
7396803
7396801
7396800
7396700
7396698
7396623
7396621
7396614
7394710
7394703
7393512
7393501
7389242
7389240
7307695
7304106
7259077
7245893
7245892
7245891
7245884
7245881
7245880
7245879
7233895
7233892
7230237
7230233
7229613
7229011
7229007
7229004
7229003
7228355
7228163
7228156
7226337
7226326
7221265
7217683
7216435
7216433
7216428
7216425
7216423
7216416
7213247
7211610
7210844
7209149
7209141
7208864
7208862
7208860
7206196
7204340
7203586
7203584
7203218
7203213
7203212
7203211
7202594
7194319
7192469
7191712
7191067
7190717
7190195
7186596
7052229
7040861
7015695
7015447
7014894
7014610
7014608
7014606
7014424
7014423
7014007
7011988
7011984
7011980
7010882
7010820
7010463
7008485
7008397
7004338
7004316
7004278
7004223
7004081
7002857
7002414
7002244
7002144
7002118
7001427
7001329
7000840
7000838
7000691
7000685
7000231
7000228
7000227
7000223
7000133
7000063
6999935
6999805
6999803
6999802
6999799
6999650
6999466
6999234
6999233
6999204
6999056
6998829
6998391
6998337
6997853
6997619
6997587
6997488
6997487
6997486
6997453
6997428
6997403
6997398
6997394
6997339
6997320
6996691
6996626
6996625
6996554
6996552
6996551
6996494
6996478
6996474
6996106
6996105
6996011
6995978
6995977
6995964
6995786
6995720
6995567
6995483
6995482
6995480
6994672
6994671
6994670
6994003
6993191
6992989
6985456
6973661
6971872
6971871
6971258
6971046
6970950
6970946
6970945
6969561
6969507
6969414
6969291
6969129
6968842
6968487
6968434
6968165
6968146
6968123
6967696
6967694
6967603
6967537
6967524
6941131
6938815
6937814
6937692
6934746
6934255
6932882
6932879
6932878
6932838
6932836
6932835
6932831
6932520
6931940
6931707
6931160
6930612
6930609
6927763
6903836
6903242
6903240
6903238
6903236
6903235
6903214
6902794
6902630
6902426
6902151
6897856
6897855
6894658
6893567
6893566
6893519
6893518
6893355
6893254
6893253
6785308
6785305
6785303
6785226
6785212
6783774
6783532
6783531
6783530
6782813
6782812
6782180
6782179
6782178
6782177
6782176
6782175
6781838
6781837
6781405
6780476
6778382
6778378
6778271
6778038
6778036
6778035
6776944
6775768
6775767
6775766
6775765
6775763
6775762
6775726
6775668
6775309
6775223
6775019
6774685
6774311
6774289
6774285
6774095
6774080
6774078
6774033
6773671
6773604
6773530
6773473
6773459
6773353
6773350
6773348
6773337
6773324
6773164
6773048
6773047
6773024
6772977
6772793
6772752
6772540
6772408
6772334
6772119
6772118
6454312
6454310
6452674
6452412
6451895
6451730
6451729
6451728
6451727
6451726
6451725
6451570
6451405
6451402
6450372
6450370
6449902
6449823
6449813
6449498
6449432
6449430
6449336
6449180
6448803
6448649
6447713
6447482
6447455
6447293
6447292
6447272
6447271
6447270
6446894
6446892
6265202
6258474
6255852
6255833
6254479
6254449
6253981
6253980
6253023
6253004
6252936
6252645
6252460
6251710
6251308
6251221
6251139
6251131
6250401
6250143
6249903
6249535
6164689
6164688
6163310
6162767
6162236
6160269
6158255
6158121
6157327
6157152
6156214
6112236
6110312
6109440
6109439
6108525
6107837
6107833
6107058
7464737
7424140
7424139
7424039
7412854
7402492
7383119
7383115
7191054
7004759
6968036
6900901
7404818
7445372
7445371
7427264
7421671
7421668
7421667
7421653
7421642
7419152
7404208
6999618
6932560
6775736
6105371
6105362
6105350
7428618
7392129
6993701
6902210
7442377
7442368
7001293
7404799
7423158
7407531
7407515
6996787
6893238
6790148
6773157
6105332
6105329
6105324
6105313
6105310
6105294
7432323
7382098
7382084
6770113
6770112
6770111
6770110
7383073
6902204
7390451
7229399
7434772
7434770
7434767
7429951
7429950
7429946
7423459
7401740
7395942
7395940
7388772
7003934
7002438
6996838
6933734
6777111
6777110
6772891
7433180
7404794
7404793
7404789
7404788
7404783
7402487
7402485
7190745
7001397
7454283
7434546
7434543
7434542
7434541
7427221
7427209
7427204
7402932
7402929
7402920
7402389
7000250
6250236
6105259
6105258
6105257
6105256
7382069
6969343
6770109
6155481
10297938
10283782
10283781
10248101
10248100
10248099
10247561
10247560
10247559
10247558
10247557
10247459
7429386
7419947
7419946
6902190
7442363
6933327
6776450
6999613
7422594
7414732
7414731
7414727
7001947
6902301
6775310
6252549
7407504
7407487
7407484
7404156
7404150
7404148
7402912
7402902
7402388
6996782
6996144
6996143
6967596
6776681
6254237
6104236
6104231
7402167
7382054
7382052
7382043
6991723
6772946
7450637
7374741
6901135
11665153
11616612
7471845
7471833
7469999
7469589
7469587
7468346
7468338
7466142
7466141
7466102
7466052
7465682
7465271
7463802
7463473
7462035
7461789
7461787
7461785
7459663
7457781
7456713
7456697
7456385
7453974
7453893
7453032
7452913
7452912
7452910
7450589
7450583
7450582
7450518
7447843
7447841
7447839
7447838
7447837
7447835
7447834
7447177
7447173
7447172
7446872
7446105
7446104
7446099
7446096
7445766
7444859
7444712
7444711
7444710
7444709
7444245
7444244
7444109
7444106
7443609
7443608
7443603
7439343
7439148
7436944
7436943
7436942
7436939
7436508
7436356
7436116
7436115
7436108
7436100
7436099
7435548
7435026
7435014
7435013
7434754
7434656
7434655
7434648
7434308
7433817
7433815
7433814
7433813
7433760
7433472
7433146
7432818
7432817
7432355
7432339
7431845
7431837
7430383
7430374
7430371
7430019
7430018
7430017
7430015
7430012
7429077
7428992
7428991
7428372
7428340
7428225
7428217
7428212
7427846
7427777
7427776
7427775
7427773
7427772
7426562
7426517
7426410
7426409
7426403
7426370
7426363
7426154
7424970
7424969
7424325
7424323
7423976
7423917
7423915
7423114
7422452
7422448
7422406
7422403
7421887
7421886
7421491
7421489
7421488
7421485
7421195
7421093
7420745
7420740
7420335
7420334
7420332
7419989
7419881
7419773
7419703
7419702
7419701
7419698
7419697
7419696
7418066
7418063
7417900
7417137
7416990
7416749
7416744
7416742
7416740
7416689
7415092
7415022
7415021
7414913
7414907
7414901
7414900
7414896
7414892
7414888
7414881
7414524
7414523
7414520
7414338
7414236
7413642
7413640
7413639
7413638
7413637
7413636
7413635
7413634
7413633
7413632
7413631
7413630
7413353
7413350
7413300
7413110
7412990
7412418
7411841
7411749
7411747
7411737
7411736
7411735
7411734
7411725
7411724
7411711
7411710
7411704
7411338
7411335
7410990
7410215
7410173
7410108
7410044
7410011
7409925
7409924
7409921
7408585
7408509
7408256
7408254
7408251
7407992
7407895
7407894
7407733
7407727
7407541
7407540
7407539
7407538
7407536
7407377
7407375
7407366
7407365
7407018
7407014
7406567
7406491
7406466
7406459
7406340
7406334
7406116
7406107
7405953
7405399
7405398
7405397
7405065
7405055
7404995
7404994
7404992
7404991
7404965
7404963
7404958
7404569
7403635
7403434
7403431
7402793
7402781
7402508
7401991
7401573
7401570
7401569
7401561
7401557
7401556
7400657
7400651
7400633
7400627
7400626
7400423
7400421
7399926
7399924
7399706
7399705
7399704
7399488
7399305
7399303
7399194
7399193
7399190
7398599
7398539
7398501
7398310
7398309
7398308
7397060
7396786
7396773
7396772
7396580
7396574
7396573
7396318
7396314
7396310
7396307
7396306
7396087
7395959
7395957
7395950
7395853
7395836
7395831
7395830
7395826
7395824
7395823
7395812
7395019
7395010
7394945
7394889
7394883
7394187
7394048
7394044
7394035
7393863
7393314
7392754
7392748
7392744
7392108
7391842
7391835
7391661
7391109
7391106
7391101
7389404
7389403
7387534
7387496
7387379
7387376
7387312
7387308
7387305
7387303
7387302
7387300
7386704
7386509
7386508
7386497
7386387
7386364
7384984
7384867
7384865
7384853
7384850
7384848
7384847
7384843
7384837
7384522
7383476
7383472
7382716
7382550
7382532
7382530
7382525
7381642
7381641
7381638
7381636
7381635
7381634
7380209
7379435
7379434
7348376
7348290
7341329
7336078
7318565
7318564
7313418
7308619
7308615
7289724
7289722
7289720
7289719
7289711
7287949
7280852
7268568
7268567
7268566
7268565
7266517
7263549
7263548
7263547
7247665
7247506
7247503
7247501
7247500
7244483
7244463
7244458
7241814
7241813
7235940
7235713
7233915
7233914
7233913
7233912
7233911
7230227
7224774
7222652
7222651
7222291
7216414
7216348
7216314
7211353
7209184
7209173
7208091
7207860
7207170
7206642
7206641
7206640
7206639
7206638
7206637
7206636
7206635
7206634
7206633
7206413
7206412
7206398
7206397
7205727
7205691
7205689
7203617
7203388
7203387
7203386
7203385
7203384
7201311
7197289
7192774
7192771
7192017
7191467
7191014
7190489
7190166
7030848
7026947
7026620
7018419
7017198
7015698
7015697
7015696
7014432
7010221
7010069
7009982
7009944
7009827
7008768
7008564
7008097
7007232
7007231
7006482
7005139
7005133
7005131
7005130
7005086
7004433
7004431
7004288
7003774
7003708
7003574
7002059
7001811
7001731
7001669
7001666
7001387
7001212
7000835
7000321
7000319
7000130
6999761
6999342
6999341
6999165
6999082
6999041
6999015
6999014
6998580
6998537
6998374
6998373
6998122
6998088
6998000
6997867
6997866
6997865
6997701
6997514
6997512
6997433
6997233
6997182
6997117
6996778
6996623
6996616
6996549
6996548
6996378
6996318
6996317
6996232
6995877
6995732
6995700
6995698
6995658
6995599
6995562
6995404
6995344
6995343
6995339
6995336
6995335
6995331
6995262
6994916
6994749
6994748
6994702
6994677
6994667
6994527
6994491
6994488
6994324
6994319
6994088
6994014
6993955
6993938
6993595
6993540
6992811
6992753
6992728
6992581
6992321
6992318
6992289
6992286
6992214
6991824
6991766
6991194
6973827
6970855
6970854
6970742
6970514
6970387
6969522
6969413
6969397
6969014
6969013
6968748
6968684
6968590
6968589
6968574
6968480
6968176
6968175
6968069
6968068
6968027
6967589
6967588
6967587
6967585
6967583
6967582
6967581
6967580
6967308
6967307
6967274
6967272
6967256
6967255
6967138
6967006
6966835
6966825
6966684
6966597
6950840
6942448
6942441
6939170
6936947
6935696
6935444
6935376
6933622
6933481
6932166
6932144
6931664
6931659
6931414
6931309
6931029
6930522
6930436
6930426
6929906
6912588
6905886
6905815
6905814
6903730
6903116
6902586
6902576
6901555
6901231
6894467
6894038
6893908
6893762
6893262
6893251
6893241
6893123
6893110
6893092
6892938
6821499
6821425
6821413
6821412
6821410
6820782
6798920
6797808
6788015
6787999
6787998
6783511
6782423
6782242
6782174
6782173
6782172
6782171
6782170
6781032
6781030
6781029
6780457
6780210
6779690
6777974
6777886
6777885
6777884
6777847
6777522
6777521
6776499
6776360
6776358
6776031
6775870
6775651
6775482
6775222
6775153
6775077
6775010
6775009
6775008
6775006
6775005
6774209
6774123
6774122
6773914
6773758
6773501
6773497
6773430
6773261
6772994
6772990
6772986
6772866
6772712
6772575
6772574
6772373
6772113
6772062
6772022
6772021
6772002
6771984
6771675
6771416
6771411
6771397
6771317
6770690
6770476
6755153
6457337
6454397
6452717
6450934
6450732
6450191
6450190
6449924
6449333
6449175
6449123
6449122
6449121
6449059
6449057
6449033
6448956
6448942
6448729
6448682
6448514
6448408
6448236
6448104
6448023
6448022
6448020
6447869
6447868
6447867
6447866
6447461
6447423
6447421
6447258
6447228
6446336
6446240
6445961
6281114
6267743
6267004
6264887
6259078
6258275
6257412
6255930
6255928
6255925
6255549
6255548
6255547
6255546
6255545
6255544
6255543
6255542
6255541
6255540
6255539
6255538
6255537
6255536
6255535
6255534
6255533
6255532
6255531
6255530
6255529
6254908
6254411
6254404
6254133
6254131
6254129
6254128
6254127
6254126
6253855
6253435
6253434
6253033
6252240
6251939
6251346
6250462
6250415
6250124
6249873
6249871
6249869
6249758
6249529
6249435
6249107
6248823
6248609
6247904
6247813
6247474
6210592
6166257
6162951
6159752
6159751
6159606
6158159
6157983
6157393
6157358
6156972
6156910
6155406
6113646
6113643
6112731
6111533
6110213
6108030
6106601
6106600
7464730
7424028
7424025
7414037
7414034
7414032
7243519
6999751
6999476
6997938
6993995
6968484
7434532
7434531
7427186
7427184
7422495
7422494
7421640
7421626
7421625
7404097
6967627
6448334
6159043
6158663
6104190
6104186
6104185
7382036
7382034
7382032
6991721
7393319
6990260
6156417
6995882
6995881
6995880
6967573
6931332
7404775
7404772
7404771
6999474
6996258
6996257
7434520
7402898
7402897
7402382
7402379
7402377
7388576
7388572
7388562
7260743
7190652
7020899
6995865
6893006
6104170
6104141
6104131
7455999
7421522
7412699
6990042
6966566
6772944
6772943
6772942
6154811
6901058
6770348
6154889
7464729
7464726
7464725
7447903
7424007
7405304
7405303
7405302
7405301
7405300
7405299
7405298
7386544
7386536
7386529
7004435
6996349
6996348
6996347
6893380
7434518
7434517
7427164
7427161
7427158
7427157
7427156
7427150
7427148
7427145
7427143
7404075
7404070
7402159
7402155
7402154
7402152
7402149
7393734
7393733
7393731
7000241
6996135
6902027
6254232
6247663
6104126
6104122
6104109
6104097
6104089
6104083
7418620
7373803
7373802
7373799
7373796
6990037
6771623
6771622
6771301
6154810
7374690
6995845
6769041
6769039
6105991
6966774
6930036
10316999
10313644
10247760
10247755
10247669
10247653
10247644
10247213
7414585
7414584
7414719
7003475
6248985
6248980
7404059
7394503
7388723
7388720
7388717
7388540
7189829
6893005
6255660
6104063
6104056
6104054
6104048
6104034
7410946
7410937
7393113
7373778
7373754
6996982
6993169
6967926
6771610
6771505
6252412
6901034
7412453
7404754
12313634
12309963
12263305
12263304
12262162
11630732
7467432
7467431
7467427
7466988
7466980
7466039
7466038
7465300
7465297
7464429
7464428
7464427
7464426
7463011
7461920
7461919
7461917
7461916
7461915
7461914
7461913
7455600
7452908
7452757
7452557
7452555
7449534
7449532
7447369
7446125
7446043
7446041
7446040
7446028
7446025
7445859
7445857
7445856
7445855
7440951
7440947
7439278
7437599
7437598
7437550
7437549
7437544
7437281
7437280
7436497
7436494
7436278
7436234
7436092
7436080
7436076
7435917
7435001
7434992
7434486
7434485
7434484
7434304
7434081
7434077
7434074
7434073
7433545
7433012
7431856
7431850
7431849
7431690
7430790
7430788
7430786
7430782
7430339
7430337
7430334
7430328
7429923
7428368
7428366
7427844
7427691
7427690
7427689
7427688
7427687
7426878
7426865
7426384
7426149
7425990
7425988
7425987
7425986
7425983
7425977
7425789
7425457
7425456
7424869
7424214
7424212
7424020
7423990
7423606
7423603
7423601
7423600
7423334
7423333
7423332
7423330
7422619
7422609
7421170
7419629
7418267
7418266
7418263
7417124
7416642
7416641
7416639
7416593
7416591
7415883
7415569
7414875
7414854
7414850
7414845
7414476
7414347
7414346
7413323
7413160
7413120
7412114
7412081
7412079
7412078
7410983
7410980
7409961
7409546
7409419
7408913
7408303
7408293
7408243
7408242
7407891
7407320
7407313
7406485
7406481
7406431
7405205
7405204
7405203
7405199
7405192
7405177
7405165
7405163
7405031
7405029
7405025
7405021
7404873
7404871
7404870
7404854
7403965
7403964
7403000
7402952
7402951
7402946
7402841
7402619
7401613
7401604
7401583
7401492
7401491
7401490
7401487
7401483
7401479
7401477
7401476
7401473
7401469
7401467
7401463
7401298
7401220
7401027
7401025
7400724
7400705
7400409
7400365
7400361
7399881
7399878
7399851
7399697
7399688
7399685
7399684
7399484
7399481
7398398
7398392
7398391
7398166
7397863
7397815
7397811
7397085
7397079
7396440
7396263
7395979
7395807
7395375
7395374
7395373
7395372
7395371
7395369
7395362
7395360
7395150
7395146
7394981
7394975
7394631
7394617
7394613
7394612
7394604
7394603
7394602
7394597
7394593
7394592
7394591
7394588
7394267
7394266
7394174
7393917
7393915
7393914
7393912
7393911
7393910
7393909
7393908
7393907
7393906
7393905
7393904
7393903
7393902
7393901
7393876
7393394
7392566
7392477
7392456
7392455
7392407
7392073
7391696
7391695
7391615
7391614
7390694
7390693
7390692
7390691
7390163
7389730
7389591
7388353
7388351
7388337
7388336
7387481
7387470
7387368
7387292
7387286
7387285
7387278
7387273
7387236
7387235
7387022
7387020
7386958
7386957
7386565
7386556
7386517
7386437
7386431
7386429
7384700
7384479
7384478
7384467
7384463
7384453
7383461
7383458
7383227
7382781
7382778
7382705
7382020
7382004
7381999
7381995
7381677
7381671
7381669
7381668
7381578
7381543
7381542
7381533
7381301
7381300
7381139
7380879
7379596
7379595
7379590
7379492
7379425
7379424
7378580
7377804
7377795
7377404
7377124
7377105
7377100
7377088
7377083
7376052
7375254
7375251
7375236
7375235
7375234
7375233
7375232
7375229
7374201
7373469
7372961
7372874
7372872
7372076
7372074
7371351
7371350
7341482
7341481
7310104
7307920
7253728
7253724
7252970
7249669
7249667
7247510
7226309
7224550
7221474
7221471
7221466
7219099
7218875
7218874
7218872
7218616
7216405
7216398
7213235
7206322
7205600
7203201
7194294
7194292
7194291
7194290
7194289
7194288
7194279
7194277
7194263
7194212
7192466
7192465
7191844
7191580
7190554
7190553
7190552
7190551
7190550
7190515
7190328
7190003
7189847
7189697
7185926
7185925
7185923
7185922
7185921
7185920
7185919
7052225
7052224
7052223
7042563
7042562
7019445
7019443
7018834
7017797
7013629
7013628
7013014
7012523
7011914
7009932
7008126
7007769
7007768
7006244
7006039
7005584
7005456
7004801
7004078
7003718
7003059
7002124
7002055
7001808
7001805
7001804
7001803
7001711
7000816
7000815
7000814
7000811
7000809
7000808
7000330
7000303
7000302
6999748
6999743
6999644
6999643
6999489
6999488
6999340
6999339
6998836
6998062
6997054
6996613
6996612
6996611
6996332
6996217
6995954
6995919
6995894
6995710
6995601
6995566
6995497
6995496
6995398
6995360
6995359
6995358
6995357
6995356
6995328
6995327
6995324
6995320
6995163
6994974
6994632
6994481
6994479
6994395
6994292
6994275
6994241
6994239
6994225
6994096
6994095
6993756
6993588
6993587
6993462
6993106
6992914
6992913
6992737
6992727
6992726
6992684
6992680
6992677
6992570
6992562
6991901
6991765
6991647
6991220
6991098
6991041
6990889
6990764
6990737
6989972
6989878
6989544
6985257
6985181
6971393
6969506
6968832
6968754
6968170
6968133
6968057
6967827
6967793
6967654
6967592
6967591
6967461
6967212
6966913
6966910
6966903
6966901
6966893
6966733
6966630
6966466
6966352
6966290
6951609
6936940
6936573
6935878
6935365
6934895
6934622
6933145
6932780
6932670
6932193
6932084
6931571
6931549
6930738
6930722
6930718
6930716
6930712
6930573
6930571
6930472
6930069
6929840
6929838
6929837
6929722
6929720
6904095
6904087
6904086
6902953
6902639
6901703
6901699
6901678
6901226
6900923
6900516
6900061
6897731
6893565
6893564
6893168
6893105
6893101
6892875
6892867
6892851
6821486
6821085
6821084
6781991
6781015
6778937
6778935
6778934
6778933
6778073
6778031
6778030
6778029
6778004
6777142
6776873
6776699
6776675
6776673
6776672
6776671
6776324
6776140
6776139
6776137
6776012
6774638
6774322
6774028
6773245
6773224
6773220
6773200
6773038
6772819
6772566
6772564
6772025
6771752
6771717
6771716
6771705
6771337
6771315
6771138
6770770
6770727
6770673
6770672
6770671
6770661
6770653
6770645
6770626
6770207
6770153
6768867
6768866
6764482
6764481
6764480
6762390
6462168
6452321
6450735
6450149
6450127
6448663
6448375
6448258
6447474
6447473
6447167
6447115
6446709
6446617
6446472
6446051
6446023
6445964
6445716
6445712
6300225
6260599
6255608
6255607
6254911
6254400
6253846
6253701
6252934
6252884
6252883
6250228
6250137
6249859
6249766
6248603
6248601
6248600
6248340
6247901
6247731
6193201
6182209
6182208
6182202
6160724
6160177
6159711
6158810
6158114
6158009
6157252
6157144
6157074
6157052
6156919
6156918
6156594
6156220
6155458
6155111
6154921
6110153
6108675
6106382
6106381
6106349
6106296
6105014
6104683
7465403
7465402
7465399
7453674
7434786
7418360
7404051
7393051
7393043
7393038
7393033
7393031
7393028
7388528
7388519
7383209
7383206
7001725
6774500
6104774
6104005
6103997
6103996
6103993
7427981
7404557
6771602
6768975
6157510
6156412
6931323
6931321
7404745
7404743
7383410
7383408
6106185
6999419
7434514
7388501
7388487
7388486
7383199
7383198
7001718
6966957
6776679
6103489
6103485
6103471
6103466
6103465
7393107
7392939
7373738
6993167
6771592
6248775
6988718
7415467
7415465
6996215
7404733
7383403
6772329
7413204
6251564
6251563
7465328
7412691
7412684
6992928
6992926
6893004
6774222
6103409
6103401
6103399
6103396
7452011
7365975
7365969
7005351
6771582
6109321
6109316
7464758
7464757
7449341
7424062
7424058
7405327
7403600
7403599
7403591
7385219
7380721
7380720
7380717
7379003
7216881
7216879
7216878
7216875
7216871
7007861
6996046
6993318
6967657
6773113
6445687
7190204
6993817
6930021
6930020
6930018
7413489
10278067
10247556
10247270
7465392
7415463
7404015
7404013
7404010
7388466
7388458
7388445
7388441
7383186
7383185
7383183
7190733
6994222
6780976
6103386
6103355
6103354
6103353
6103352
7371536
7365964
7365961
7365949
6771571
6446808
7366624
6988712
6248971
6245361
6245359
7392723
7392722
6780134
7404700
7404535
6995076
6995074
6901326
6772421
6772325
6997795
7434502
7427125
7427123
7427118
7427116
7394481
7393095
7393092
7383182
7383181
7383177
7189828
6991958
6770275
6248747
7402068
7365942
7365932
6967555
6771562
12278400
12264955
7468919
7468330
7466252
7465934
7461843
7461836
7461834
7458713
7458119
7458118
7457119
7457117
7456806
7456690
7456689
7456683
7456681
7456680
7456679
7456678
7456677
7456367
7456365
7456130
7455472
7451227
7447805
7446847
7446843
7446240
7446070
7444931
7444343
7443597
7442429
7442428
7442059
7436928
7436480
7436276
7434292
7434281
7433702
7433700
7433699
7433698
7433354
7433353
7433351
7433348
7433176
7431656
7431655
7428359
7428272
7428271
7426466
7424965
7424964
7424960
7423767
7423765
7423764
7423762
7423759
7423755
7423754
7423750
7422966
7422965
7422962
7422472
7422333
7421846
7421845
7420576
7420563
7420408
7420097
7418933
7418930
7418186
7416143
7415681
7415680
7415678
7415584
7414703
7414701
7414090
7414084
7414080
7414078
7413520
7413453
7412379
7412371
7412077
7412076
7412075
7412074
7412073
7412062
7410935
7409881
7409866
7409589
7408576
7408574
7407028
7406435
7406365
7406362
7406360
7406331
7406322
7406293
7406290
7406235
7406161
7406157
7406156
7405765
7405764
7405082
7405078
7404900
7403060
7402768
7402760
7402713
7402709
7402666
7402664
7402592
7402218
7402217
7402113
7402107
7402065
7402061
7401704
7401555
7401552
7401545
7401542
7401077
7401019
7400682
7400564
7400346
7400345
7400077
7400073
7400072
7400071
7400069
7400066
7400064
7400018
7399917
7399916
7399915
7399869
7399865
7399863
7399841
7399796
7399683
7399681
7399680
7399678
7399671
7399670
7399519
7398215
7398147
7397920
7397826
7397333
7397027
7397026
7397025
7396602
7396594
7396589
7396586
7396470
7396356
7396345
7396179
7396176
7395893
7395659
7395518
7395179
7395093
7395047
7394758
7394754
7394666
7394153
7393839
7392776
7392711
7392440
7392434
7392277
7391708
7391646
7391637
7391349
7391120
7390412
7390265
7390261
7390260
7390258
7390188
7389595
7389394
7388664
7388660
7388595
7388590
7388584
7388331
7388327
7388326
7388323
7388322
7388292
7388288
7388285
7388273
7387456
7387133
7387006
7387001
7386998
7386997
7386725
7386724
7386612
7386483
7385989
7385979
7385968
7385967
7385966
7385965
7385964
7385963
7385962
7385961
7385958
7385957
7385857
7385854
7385532
7385525
7385519
7385324
7384054
7384052
7384051
7384050
7384049
7384048
7384047
7384046
7384045
7384044
7384043
7384042
7384040
7384039
7384038
7383694
7383142
7383140
7382988
7382987
7382571
7382469
7381923
7381921
7381919
7381917
7381513
7381109
7381067
7381022
7381019
7381018
7381017
7381015
7381014
7381009
7380680
7379400
7379398
7379392
7379389
7379388
7379387
7378964
7378963
7378959
7378869
7377959
7377888
7377886
7377882
7377583
7377223
7377220
7377200
7377199
7377198
7377197
7377196
7377194
7377193
7377192
7377164
7377163
7377159
7377141
7377140
7377072
7377070
7376869
7375997
7375995
7375977
7375974
7375973
7375401
7375175
7375174
7374650
7374645
7374306
7374304
7374303
7373412
7373411
7373117
7373091
7373089
7373087
7373086
7372417
7372328
7372322
7371880
7371478
7371344
7371343
7369928
7369923
7369820
7369818
7369817
7369284
7369282
7369281
7368526
7368107
7368106
7368048
7367642
7367635
7367627
7367624
7367512
7367131
7367123
7367122
7367121
7367117
7367112
7367025
7367020
7366916
7366238
7365851
7365615
7365611
7365610
7365602
7365601
7365596
7365592
7365591
7365580
7365579
7365188
7365185
7364827
7364826
7364220
7363698
7363695
7363691
7363673
7363536
7363430
7337564
7337563
7316664
7316663
7316662
7307668
7292170
7266039
7247497
7247496
7247495
7247493
7247492
7247490
7244851
7228550
7227057
7226358
7216983
7215037
7215035
7199903
7195690
7194765
7192088
7191931
7191926
7191449
7191186
7190746
7190174
7189914
7189386
7052722
7028376
7028375
7028374
7028373
7028372
7028371
7028370
7024583
7018416
7014142
7008111
7008104
7006032
7005760
7005572
7004221
7003569
7003568
7003130
7002387
7002053
7001145
7001088
7001087
6999706
6999483
6999228
6998785
6998784
6998228
6998226
6998225
6998221
6998219
6998218
6998217
6997968
6997834
6997673
6997198
6997187
6997133
6996844
6996698
6996550
6996545
6996544
6996543
6996326
6995982
6995981
6995695
6995634
6995403
6995402
6995312
6995305
6995304
6994834
6994758
6994663
6994652
6994642
6994350
6994087
6993815
6993814
6993813
6993812
6993811
6993810
6993809
6993808
6993807
6993806
6993805
6993804
6993803
6993684
6993596
6993493
6993492
6993241
6993061
6993058
6992911
6992894
6992893
6992671
6992670
6992472
6992471
6992392
6992188
6992187
6992140
6992078
6992077
6992076
6992075
6992074
6991951
6991763
6991758
6991756
6991754
6991700
6991555
6991354
6991233
6991217
6991215
6990934
6990905
6990895
6990770
6990766
6990760
6990758
6990756
6990750
6990509
6990337
6990336
6990335
6990334
6990333
6990332
6990331
6990330
6990328
6990327
6990326
6990140
6989996
6989964
6989934
6989933
6989877
6989334
6989249
6989248
6989222
6989220
6989092
6989005
6988748
6988709
6988605
6988557
6988555
6988434
6969956
6969909
6968291
6968115
6967619
6967572
6967560
6967479
6967177
6967175
6967112
6967004
6966801
6966360
6966078
6966064
6966020
6965903
6935513
6935511
6933370
6932904
6932219
6932216
6931926
6931302
6931293
6930129
6929797
6929468
6929461
6929396
6929145
6928943
6928941
6912870
6905813
6905812
6905811
6905810
6904257
6902137
6901977
6901976
6901527
6901524
6901439
6901211
6901151
6900800
6900639
6900593
6900592
6900410
6899895
6899892
6893382
6893193
6893191
6893190
6893174
6893071
6893027
6892960
6892896
6892758
6794977
6794976
6794974
6794335
6794334
6794333
6794332
6794331
6794330
6794329
6794328
6787997
6779243
6778835
6778362
6778346
6778344
6778342
6778338
6778330
6778328
6778324
6778309
6778300
6778295
6778293
6778290
6778289
6778286
6776864
6776589
6775908
6775905
6774401
6774395
6773884
6773452
6773451
6773212
6773087
6773000
6772999
6772997
6772869
6772809
6772781
6772714
6772713
6772622
6772594
6772563
6772561
6772560
6772542
6772131
6771914
6770960
6770799
6770559
6770558
6770532
6770330
6770302
6770215
6770094
6770090
6769955
6769954
6769953
6769648
6768825
6768815
6768814
6768813
6768328
6768265
6768243
6768240
6768239
6767827
6767783
6767739
6767584
6763394
6755552
6457722
6451388
6449327
6448411
6448219
6447975
6447398
6447225
6446928
6446677
6446675
6446417
6446414
6446257
6446215
6446214
6446209
6445823
6445724
6445710
6445684
6445528
6445389
6444852
6264868
6256306
6256305
6253723
6253700
6253040
6252552
6251593
6251592
6250427
6250426
6250243
6249774
6249227
6248996
6247810
6247809
6247686
6247550
6246904
6246851
6246798
6246797
6246711
6246690
6246644
6246474
6246181
6246021
6245831
6162581
6161455
6158783
6157464
6157140
6156901
6156663
6156607
6155897
6155683
6155657
6155073
6155072
6154102
6113635
6113631
6107956
6107398
6107038
6107033
6106567
6105139
6103586
6102853
6102754
11614625
7394243
7394242
7394240
7394238
7393188
7382692
7382688
7374995
7004753
7004468
6451007
7413479
7404689
7190744
6997840
6774318
6447397
6250259
7383676
6992045
7434498
7404003
7388421
7383854
7383174
6991957
6103292
6103265
6103263
6103259
6103256
7421499
7402169
7374235
7371514
7371511
7359750
6994368
6772931
6771554
6771552
7390372
7360214
6444696
7382684
7382680
6930008
6930007
7385424
7384710
7434888
7434884
7406976
7385121
7385120
7383672
6992044
6770320
7394475
7394474
7393084
7393074
7388409
7388403
7388401
7388400
7388398
7388397
7383169
7376399
7376396
7376031
7370871
7190046
6993890
6990597
6989467
6769211
6103253
6103225
6103223
6103222
6103215
6103212
7380963
7366533
7363835
7363832
7359739
7359728
7359727
6965736
6771549
6771542
6246606
7360185
7360182
7360181
6931028
6899926
6899277
7430667
7449333
7449330
7449329
7439836
7439829
7415309
7415307
7395255
7395252
7395251
7394235
7382955
7379929
7376178
7369263
7001780
6997248
6989245
6967397
6966736
6160085
7376388
7376384
7368034
7368033
6996781
6990483
6102719
6102715
6102714
6102713
6102681
6102677
6102676
6155079
10324074
10297850
10297762
10283772
10283771
10283770
10283769
10246805
10246240
7393122
7359703
6996341
6993904
7415441
7415439
7385112
7385108
7382619
7372247
7366725
7366717
6998163
6154635
7382658
7382653
6246593
6246587
7385386
6995955
7417770
7417763
7393062
7393060
7393059
7393058
7368026
7368016
7367273
7367264
7363247
6995068
6988070
6769152
6767544
6103188
6103175
6103155
7374414
7370092
7359701
7359693
6244421
7419115
7419112
7419110
7382641
7375010
6892940
6892939
12336712
12336239
12336237
12278359
12278331
11643882
7464581
7464435
7464434
7462124
7461832
7461831
7461830
7461827
7461825
7461824
7461817
7461816
7461813
7460172
7460170
7457584
7457139
7455670
7455669
7455248
7453144
7453143
7453142
7453141
7453140
7453139
7453138
7453137
7453136
7453135
7453134
7452943
7450827
7450823
7450352
7447362
7436961
7436960
7436921
7436917
7436873
7436791
7434277
7434276
7433794
7433792
7433382
7433325
7431825
7431797
7431514
7430454
7428443
7426973
7426374
7426361
7426360
7426358
7426355
7424485
7424483
7424117
7424112
7423092
7423091
7418703
7418702
7416941
7416783
7416781
7416426
7415539
7415538
7415537
7415301
7414631
7414627
7413974
7413467
7413310
7413304
7412750
7412460
7412022
7411856
7411288
7409552
7409282
7408572
7408566
7408565
7408469
7407694
7407691
7407690
7407685
7407684
7406956
7406787
7406785
7406649
7406286
7406265
7406264
7405455
7405453
7405452
7405449
7405230
7405228
7405120
7405115
7405114
7405113
7404459
7404454
7403765
7402972
7402967
7402965
7402216
7402214
7400339
7397904
7397616
7397614
7396459
7396457
7396456
7396452
7396451
7396449
7396448
7396275
7395650
7395359
7395358
7395356
7395355
7395354
7395353
7395352
7395351
7395344
7395218
7395217
7395214
7395213
7395079
7395076
7395075
7394920
7394749
7394745
7394698
7394696
7394695
7394694
7393690
7393689
7393535
7393425
7392762
7392351
7392350
7392330
7391875
7391667
7391636
7391635
7390742
7390741
7390685
7390590
7390589
7390341
7390100
7389533
7389354
7389293
7389212
7388581
7388580
7388318
7387962
7387961
7387894
7387885
7387224
7387221
7386985
7386981
7386103
7385843
7385839
7385836
7385834
7385772
7385767
7385765
7385763
7385761
7385760
7385691
7385682
7385636
7385631
7385630
7385573
7385569
7385560
7385557
7385548
7385545
7385543
7385341
7385338
7385065
7384729
7384072
7384037
7384035
7384034
7384033
7384032
7384031
7384030
7384029
7384028
7384027
7384026
7384025
7384024
7384023
7383801
7383782
7383614
7383441
7383440
7383432
7383333
7382985
7382983
7382981
7382762
7382375
7382368
7382365
7382296
7382295
7382293
7382292
7382287
7382286
7382280
7382274
7382273
7382236
7382130
7381985
7381838
7381357
7380666
7380590
7380566
7380565
7380564
7380563
7380561
7380171
7379821
7379158
7378203
7378149
7377767
7377762
7377186
7377185
7376879
7376633
7376632
7376066
7375964
7375952
7375425
7375420
7375377
7375375
7375372
7374666
7374091
7374071
7373693
7373691
7373598
7373503
7373492
7373387
7373378
7373151
7373109
7373108
7373107
7373106
7373085
7373084
7373079
7373074
7372883
7372801
7372799
7372797
7372796
7372539
7372536
7371617
7371425
7371332
7370922
7370067
7369961
7369909
7369905
7369858
7369813
7369811
7369805
7369777
7369775
7369733
7369555
7369457
7369315
7369210
7369200
7369198
7369172
7368827
7368089
7367954
7367950
7367934
7367931
7367612
7367250
7367249
7367224
7367223
7367083
7367078
7367076
7366063
7365918
7365911
7365891
7365838
7365835
7365830
7365826
7365819
7365713
7365707
7365443
7365353
7365320
7365319
7365021
7365010
7364986
7364818
7364067
7363846
7363664
7363663
7363576
7362490
7362470
7362453
7362390
7362384
7362381
7362173
7362171
7361859
7361842
7361690
7361646
7361245
7361242
7361234
7360977
7360958
7360943
7359985
7359982
7359950
7359302
7359301
7359297
7359296
7359294
7359276
7359275
7359272
7358281
7357995
7357993
7357992
7357991
7357989
7357978
7357973
7357972
7357726
7297296
7297285
7291771
7291770
7291769
7263546
7263545
7263544
7263543
7263542
7261741
7241449
7239580
7239579
7235474
7235470
7233270
7224547
7221297
7221281
7221280
7206666
7203592
7203590
7193185
7191862
7190643
7189747
7189623
7189322
7189298
7189041
7189002
7188050
7053149
7052999
7052371
7040860
7022782
7022779
7021515
7020075
7017122
7017120
7013925
7012329
7007066
7006844
7006345
7006232
7006179
7005719
7005542
7005540
7005539
7005087
7002571
7002146
7001430
7001046
7000862
6999829
6999588
6999587
6999586
6999367
6998412
6998382
6998381
6998283
6998257
6998178
6997725
6997724
6997537
6997536
6997535
6997532
6997531
6997530
6997528
6997030
6996556
6996398
6996394
6996390
6996363
6996324
6995961
6995833
6995491
6995490
6995258
6994996
6994757
6994638
6994635
6994322
6994262
6994261
6994259
6994157
6993999
6993984
6993776
6993746
6993745
6993739
6993638
6992941
6992940
6992939
6992938
6992901
6992857
6992856
6992855
6992663
6992661
6992399
6992307
6992137
6992000
6991956
6991954
6991906
6991778
6991559
6991558
6991457
6991437
6991436
6991074
6990752
6990749
6990736
6990687
6990550
6990396
6990103
6989962
6989939
6989924
6989859
6989857
6989856
6989240
6989229
6988973
6988970
6988780
6987974
6987934
6987931
6987704
6987363
6987362
6987361
6987300
6987298
6987296
6986320
6984871
6971465
6969979
6969819
6969182
6969075
6968958
6968013
6967651
6967650
6967201
6967200
6966960
6966813
6966800
6966788
6966778
6966696
6966615
6966152
6966137
6966005
6965948
6965830
6965756
6965751
6965718
6965639
6935845
6934640
6932551
6932186
6932097
6931697
6931191
6931190
6930783
6930555
6930240
6930234
6930203
6930104
6930046
6929958
6929957
6929575
6929572
6928895
6928749
6928584
6928580
6928457
6902559
6901593
6901208
6900624
6900623
6900455
6900450
6900166
6900028
6899770
6899756
6899722
6893895
6893102
6893088
6893040
6893008
6893007
6892830
6892712
6820405
6820403
6794120
6786983
6779033
6778444
6776513
6776352
6775660
6774695
6774306
6773894
6773826
6773754
6773275
6772059
6771912
6771880
6771696
6771345
6771118
6770959
6770958
6770956
6770804
6770765
6770581
6770367
6770366
6770365
6769823
6769816
6769764
6769327
6769296
6769237
6769236
6769164
6769089
6768810
6768766
6768521
6768520
6768446
6768339
6768291
6768285
6768284
6767845
6767837
6767463
6767460
6767430
6767428
6767388
6767369
6767364
6767363
6766896
6765202
6763107
6450299
6450098
6448864
6448471
6448368
6447488
6447426
6447425
6447127
6446922
6446919
6446896
6446820
6446819
6446730
6446252
6446077
6446029
6445998
6445881
6445707
6445602
6445178
6445167
6445161
6302390
6257414
6254495
6254490
6254485
6253362
6252947
6252599
6252598
6252597
6252596
6252595
6252594
6252593
6251778
6251717
6250814
6250807
6250508
6250421
6250307
6248825
6248670
6247841
6247756
6247533
6247532
6246160
6245846
6245575
6244804
6244735
6221156
6221155
6160695
6158073
6157578
6157253
6156135
6155062
6154719
6154637
6154435
6154393
6154089
6153877
6153662
6153640
6107970
6107015
6104553
6103911
6102977
7460490
7460489
7393749
7393182
7374747
7197349
7190743
6994177
6994070
6773196
6771037
6248262
7465382
7465380
7395025
7395024
7388379
7388356
7374802
7368009
6966956
6103141
6103140
6103129
6103128
6103127
6103106
6103103
6103091
7382808
7363795
7363794
7359680
6988190
7374279
7366284
6901397
7368372
6245931
6245492
6992034
7394469
7376379
7374591
7374588
7374584
7374581
7370699
7370688
7370685
7370684
7370679
7367999
7189248
6988066
6966374
6102667
6102627
7412524
7359670
7359665
7359662
7359655
6987421
6987417
6769008
6769007
6769001
6444675
6992342
6967962
6899128
6899119
7408598
7408593
7374264
6245461
7393313
7368359
7368358
7368354
6993954
6993953
6771655
7410867
7409642
7353869
6997148
6967846
7455457
7405344
7403993
7395243
7385887
7384582
7382949
7370665
7370664
7370663
7370646
7366867
7361393
7361392
7361391
7360635
7360631
7360622
7357523
7355966
7355955
7189074
6998145
6996117
6992463
6989624
6989440
6988958
6988956
6773152
6770245
6767305
6102335
6102299
6102293
6102291
6102287
6102286
7393117
7392919
7354570
7354565
7354554
7351916
7351913
7351906
6899114
10273193
10247555
10247554
10246499
6929983
6990461
7368349
6989069
6892740
7394465
7363042
7363027
7363026
7363025
7363014
7361387
6996114
6988043
6966373
6768439
6244691
6244674
6244667
6102279
6102270
6102268
6102253
6102241
6102239
6102231
7392912
7363768
7363766
6768992
6768984
7372260
6989726
6988824
7409639
11630998
7472071
7469700
7469698
7469694
7469546
7469545
7469541
7469540
7469539
7466207
7464424
7464423
7464422
7464421
7464420
7464419
7464418
7464417
7464228
7457287
7457115
7455227
7454499
7454495
7454235
7452660
7451935
7450838
7450833
7450820
7449526
7447271
7442403
7441607
7440478
7437538
7437535
7437125
7436913
7436904
7436902
7436780
7435229
7433877
7433822
7432082
7429624
7429618
7428582
7428579
7428576
7428575
7428574
7428573
7428572
7428571
7428569
7425604
7425599
7422953
7422265
7420864
7420862
7419328
7416863
7416589
7415676
7415671
7415668
7415667
7414072
7414071
7414067
7414065
7414060
7414059
7412783
7412781
7412672
7412665
7412550
7412543
7411876
7410859
7408533
7406792
7406756
7406684
7403957
7403956
7403955
7403954
7403952
7403939
7403827
7403824
7403579
7403004
7402674
7402648
7401312
7401310
7401309
7401308
7401307
7401306
7399908
7399470
7399467
7398489
7398486
7398129
7397477
7397473
7397466
7396139
7396136
7395273
7395131
7395065
7395058
7395054
7395052
7394911
7394894
7393900
7393899
7393898
7393897
7393895
7393894
7393893
7393892
7393891
7393890
7393889
7393888
7393887
7393886
7393814
7393770
7393130
7392431
7392324
7392321
7392319
7392065
7390585
7390571
7390570
7390569
7389608
7389070
7388734
7388226
7387949
7387931
7387558
7387553
7387213
7387212
7387172
7387161
7387160
7387155
7387150
7386938
7386522
7386520
7386519
7386093
7385817
7385813
7385796
7385675
7385669
7385668
7385515
7385513
7385512
7385372
7385092
7384940
7384939
7384552
7383745
7383739
7383718
7383717
7383715
7383610
7383609
7383600
7383525
7383524
7383363
7383302
7382793
7382792
7382791
7382636
7382635
7382352
7382143
7381005
7381003
7381001
7381000
7380999
7380998
7380768
7380765
7380764
7380763
7380741
7380554
7380552
7379664
7379654
7379363
7378670
7378668
7377663
7377502
7376725
7376723
7376722
7376720
7376713
7376675
7376661
7376659
7376630
7376629
7376614
7376418
7376417
7376415
7376375
7376372
7376361
7376359
7375275
7375223
7375220
7375068
7374907
7374631
7374058
7373996
7373891
7373883
7373882
7373881
7373866
7373626
7373616
7373327
7373316
7373134
7373113
7372419
7372184
7372183
7372181
7372180
7372179
7371306
7371305
7371297
7371288
7371237
7370625
7370609
7370598
7370371
7370182
7369751
7369739
7369698
7369697
7369678
7369653
7369620
7369609
7369606
7369605
7369449
7369448
7369346
7369306
7369305
7368933
7368929
7368922
7368668
7368612
7368608
7368607
7368601
7368454
7368325
7368321
7368139
7368078
7368071
7368070
7368044
7368042
7368041
7367776
7367772
7367308
7366577
7366363
7366362
7366248
7366099
7366084
7365735
7365720
7365719
7365571
7365508
7365328
7365322
7365282
7364977
7364581
7364293
7363840
7363616
7363527
7363391
7363389
7363384
7363273
7363272
7363179
7363173
7363134
7362685
7362507
7362355
7362318
7362314
7362292
7362230
7362223
7362020
7362014
7362011
7362003
7361816
7361812
7361811
7361807
7361743
7361729
7361506
7361419
7361352
7361163
7361162
7361160
7361158
7361154
7361151
7361135
7361132
7361032
7360760
7360537
7360535
7360534
7360461
7360458
7360454
7360450
7360443
7360441
7360429
7359960
7359959
7359631
7359596
7359345
7359258
7359243
7359214
7359201
7359200
7358754
7358563
7358559
7358451
7358450
7358448
7358444
7357959
7357957
7357956
7357954
7357949
7357889
7357779
7357772
7356430
7356426
7356418
7356388
7356379
7356254
7356253
7355935
7355933
7355850
7355689
7355359
7355357
7355356
7355351
7355348
7355222
7355205
7355171
7355138
7355137
7355135
7355130
7354656
7354652
7354634
7353794
7353793
7353247
7351297
7351296
7351284
7348359
7318553
7258976
7244086
7216663
7216657
7214060
7214059
7212547
7209259
7209172
7203977
7203976
7193664
7192702
7191941
7191690
7189543
7189485
7189394
7189231
7189225
7189188
7189187
7189186
7189185
7189184
7189036
7188975
7185917
7185915
7185914
7185913
7053190
7033158
7033157
7013912
7011455
7009098
7008715
7008714
7008208
7007767
7005983
7005314
7004800
7002141
7002139
7000917
7000699
6999983
6999981
6999789
6998354
6998334
6998333
6998213
6997949
6997722
6996804
6996476
6996110
6996109
6995640
6995629
6995257
6994956
6994307
6994206
6994094
6994093
6994092
6994091
6994090
6993691
6993349
6993302
6993043
6992578
6992518
6992429
6992331
6992098
6991890
6991851
6991531
6991529
6991528
6991524
6991523
6991469
6991468
6991432
6991426
6991170
6991047
6991046
6990652
6990651
6990650
6990648
6990647
6990622
6990592
6990587
6990577
6990576
6990554
6990542
6990541
6990540
6990538
6990537
6990310
6990111
6990098
6989999
6989991
6989540
6989276
6989270
6989156
6989067
6989058
6989057
6988997
6988992
6988991
6988990
6988769
6988632
6988587
6988551
6988350
6988349
6988348
6988347
6988346
6988344
6988232
6988220
6988127
6988033
6988023
6988004
6987950
6987948
6987920
6987912
6987871
6987870
6987867
6987863
6987862
6987813
6987740
6987739
6987733
6987712
6987606
6987586
6987582
6987355
6987354
6987326
6987199
6987021
6986919
6986829
6986512
6986510
6986445
6972545
6970553
6969846
6968540
6968443
6968168
6967210
6967209
6966846
6966783
6966780
6966700
6966698
6966697
6966614
6966613
6966442
6966437
6966135
6966132
6965978
6965908
6965818
6965738
6965625
6965529
6965236
6942903
6934670
6934669
6934668
6934667
6931454
6931077
6930637
6930276
6930275
6930058
6930057
6929586
6929583
6929409
6929342
6929285
6929284
6929281
6929280
6929279
6929278
6929194
6929193
6929192
6929191
6928824
6928548
6928543
6928540
6928445
6928305
6928190
6928189
6928167
6927788
6915016
6915015
6915014
6915013
6903436
6901795
6901786
6900435
6900432
6900255
6900011
6899883
6899880
6899873
6899825
6899742
6899209
6899034
6898906
6898743
6898612
6898606
6898454
6898402
6898401
6893664
6893642
6893634
6893576
6892908
6892669
6892668
6892666
6892601
6892579
6892245
6821504
6821083
6781421
6780734
6780208
6776971
6776593
6775915
6775443
6775441
6775440
6775439
6775357
6774635
6774529
6774528
6774394
6774393
6774391
6774221
6773110
6772913
6772368
6771907
6771866
6771865
6771227
6770828
6770691
6770453
6770169
6770126
6770013
6770012
6770011
6770010
6769974
6769972
6769947
6769946
6769838
6769812
6769351
6769247
6769246
6769230
6769197
6769196
6769174
6768954
6768926
6768644
6768378
6768219
6768182
6767892
6767796
6767795
6767794
6767580
6767578
6767466
6767459
6767455
6767453
6767281
6767010
6766831
6766718
6766678
6766626
6766622
6766621
6766560
6766559
6766558
6766515
6766493
6766430
6449470
6448797
6448785
6448577
6448576
6447317
6446981
6446978
6446976
6446708
6446664
6446262
6446121
6446062
6446022
6446010
6445610
6445540
6445533
6444934
6444875
6444778
6282091
6282086
6282081
6282080
6261893
6259701
6256954
6251747
6251677
6251642
6250227
6250225
6250112
6247833
6247769
6247768
6247402
6247370
6247296
6247282
6246999
6246658
6246024
6245608
6245596
6245535
6244733
6244729
6244523
6244522
6244414
6244376
6243916
6243848
6182198
6182195
6182194
6182192
6182191
6182190
6182189
6162190
6156736
6156569
6156567
6156448
6155658
6155594
6154827
6154797
6154428
6154019
6107023
6107022
6104740
6104422
6104399
6104393
6103851
6103844
6103838
6103685
6102815
6102584
6102404
6102223
6102219
6102204
6102180
7449322
7449317
7394214
7385185
7385184
7360342
7353511
6994175
6994174
6990631
6990269
6990268
6966113
6769046
6769045
6166305
6153243
7382941
6987629
6899178
6899177
6770244
7374298
6929978
7385434
7360703
6992049
6992047
7374556
7370842
7370837
7370588
7370577
7370559
7361415
7361413
7360667
7189427
6987624
6966179
6892724
6101891
6101872
6101869
6101862
6101853
6101844
7353501
7375782
7375780
7375779
7364379
7351951
6986030
6899311
6899302
6892533
6766203
6244533
6243391
7366316
7366312
7189314
6989073
7375101
7400594
7370526
7366757
7366756
7351345
7351339
6245405
6101823
6101821
6101804
6101802
7399365
7395208
7395204
7395200
7374974
7374967
7371753
7367710
7358549
7358543
7352282
7351803
7351802
7351801
7351793
7351790
7189469
6994357
6989119
6989018
6985999
6771636
6771633
6767894
6766196
7364375
7351928
6899163
6899161
6898353
10257847
10247599
10247595
10246818
10246774
10245925
10245855
10245854
10245355
10245354
7361049
7354947
7354943
6986589
7392225
7392223
7392220
7376154
7366279
7366276
6771441
6767885
7445334
7393025
7393020
7375911
7375910
7375909
7374536
7362974
7362970
7362969
7361204
7360644
7360643
7360291
7189439
6990484
6988041
6767284
6101775
6101769
6101751
6101740
7366402
7353485
7351787
7351786
6986544
6767961
6767959
6243793
6153309
7372252
7350497
6986563
6985711
6985710
7366297
6930769
6102764
6988760
6966046
7383910
7383909
7383904
7361405
7357371
7357359
7357357
7357352
7357339
6990281
6892662
6767306
6101706
6101686
6101683
6101678
15462081
15462079
11637730
7456161
7450851
7450849
7450847
7450845
7450844
7446834
7436899
7436897
7436893
7429350
7429349
7426946
7419265
7418560
7418559
7418552
7418551
7418550
7418549
7418548
7411865
7409893
7407776
7402094
7401893
7401889
7401886
7401877
7399955
7399948
7398478
7398476
7398471
7398469
7396647
7396642
7396641
7395845
7394563
7393800
7393797
7393795
7393794
7393791
7393790
7393661
7389201
7388702