10238314
1186836
813349
1220890
1214846
1211975
1108810
778776
174498
1243644
1215671
1204421
765710
1242766
1242764
1214922
1214918
1212591
1212580
1209446
174776
54845
54843
54796
1106977
5814
1237797
1186838
1042961
1207217
1062727
1062725
815857
1239665
1218022
1218017
1197115
816520
1107934
1239327
1223601
1221285
1215984
1215982
1214913
1203726
1203718
1081900
814475
813309
812251
766179
175438
53767
53762
53759
53736
1201730
1104309
1081449
55057
1242405
1222934
1186823
1042956
816969
1242420
1238382
1231853
1231852
1231851
1218462
1216931
1216929
1215590
1215584
1214452
1197103
1194115
1194114
1105479
1104547
1082527
766430
1196636
1196635
1105300
1240658
1221269
1214911
1214907
1203708
1203691
1104130
53712
53710
53698
53674
53660
53659
1138
1216846
1197052
1196541
1105471
1242824
1239084
1226540
1207124
1206087
1205616
1203007
1202997
1202008
1201988
1199099
1198299
1198296
1198293
1198286
1195037
1106339
1105492
1104800
1104728
1104722
1083913
1081870
1081738
1081134
1043544
1196995
1186811
1186810
1102982
1042947
812070
171571
1242786
1240166
1210369
1209576
1209574
1209573
1195943
1062716
768839
1242400
1239661
1197097
1197093
1105242
171458
1196631
1105298
1219345
1216433
1203684
1203679
1203666
1108235
1106812
766177
766175
53643
53637
53633
53630
53608
53601
53600
53598
1229128
1207465
1207461
1203936
1196539
1196537
1196258
1106983
1105123
1043291
1238334
1193528
1102979
53173
1195934
56434
23682420
23682410
1243672
1243671
1243605
1243165
1243132
1243131
1243130
1242502
1241693
1241657
1241642
1241521
1241463
1241056
1240716
1240485
1239624
1239420
1239126
1236717
1236429
1236427
1236201
1235828
1234598
1233144
1233009
1231429
1231428
1231269
1231261
1231257
1231188
1231187
1230982
1229869
1229675
1229674
1229672
1229669
1229159
1228995
1228994
1228508
1228447
1228388
1228376
1228148
1228142
1228105
1228104
1227446
1227444
1227428
1227341
1227177
1226053
1225835
1225831
1225485
1225458
1225453
1225451
1225450
1225446
1225391
1225108
1224630
1224253
1224252
1224220
1224197
1224081
1223852
1223851
1223547
1223546
1223545
1223544
1223543
1223542
1223540
1223536
1223533
1223532
1223530
1223529
1223409
1223408
1223404
1223401
1223393
1223351
1223326
1223287
1223281
1223223
1223221
1223220
1223126
1223123
1223010
1222754
1222009
1222006
1222005
1221936
1221833
1221829
1221684
1221679
1221675
1221674
1221557
1221555
1221548
1221317
1221176
1221174
1221173
1221172
1221171
1221170
1221169
1221168
1221167
1221166
1221165
1221164
1221163
1221162
1221160
1221159
1221158
1221157
1221156
1221155
1221152
1221151
1221150
1221149
1221145
1221144
1220870
1220819
1220610
1220070
1220023
1220020
1219494
1219148
1218366
1217625
1217619
1217609
1217349
1217348
1217347
1217346
1217345
1217344
1217342
1217341
1217340
1217339
1217279
1217278
1217277
1216704
1216703
1216700
1216512
1216509
1216502
1216501
1216499
1216498
1216497
1216496
1216398
1216396
1216375
1216373
1216330
1216328
1216320
1216319
1216314
1216313
1216312
1216071
1215459
1214839
1214263
1214261
1214102
1213882
1212643
1212641
1211852
1211521
1211442
1211441
1211427
1211218
1211133
1209615
1209266
1209265
1208963
1208846
1208845
1208586
1208316
1208315
1208314
1208298
1208293
1208215
1207684
1207489
1207488
1207361
1207360
1207359
1207356
1207350
1207125
1207046
1206202
1206136
1206125
1206111
1206107
1206106
1206084
1206026
1206025
1206001
1205502
1205501
1205086
1204831
1204628
1204340
1203648
1203209
1203076
1203009
1203000
1202996
1202957
1202778
1202735
1202723
1202719
1202717
1202716
1202642
1202578
1202573
1202184
1202183
1202180
1202113
1202109
1202084
1202000
1201995
1201987
1201891
1201885
1201884
1201883
1200971
1200968
1200829
1200725
1200724
1200720
1200673
1200665
1200662
1200550
1200524
1200443
1200281
1200193
1200101
1200069
1199987
1199980
1199979
1199919
1199102
1198721
1198300
1198298
1198297
1198295
1198294
1198292
1198291
1198290
1198289
1198288
1198287
1198285
1196758
1196757
1196719
1196645
1196533
1195784
1195782
1195780
1195599
1195592
1195584
1195516
1195515
1195513
1195483
1195474
1195461
1195455
1194962
1194938
1194729
1194714
1193414
1193413
1193412
1193376
1192860
1192858
1192683
1192481
1190879
1190876
1188115
1188097
1187077
1187076
1186285
1185410
1185400
1185383
1183559
1108744
1108647
1108418
1108317
1108118
1108043
1108042
1107983
1107982
1107981
1107872
1107728
1107727
1107726
1107725
1107606
1107605
1107514
1107478
1107365
1107352
1107350
1107297
1107296
1107295
1107224
1107051
1106950
1106807
1106806
1106721
1106338
1106330
1106287
1106283
1106282
1106281
1105929
1105928
1105927
1105836
1105835
1105834
1105833
1105832
1105831
1105830
1105829
1105610
1105443
1105407
1105378
1105260
1104828
1104827
1104721
1104696
1104628
1104545
1104503
1104502
1104500
1104473
1104283
1104241
1104084
1103803
1103620
1102645
1102642
1085066
1084323
1084021
1083785
1083782
1083515
1083452
1083046
1081905
1081861
1081599
1081538
1081439
1081135
1073463
1072502
1063817
1062974
1062635
1061414
1061278
1060750
1060749
1060714
1060635
1060583
1060582
1060508
1060246
1060179
1059948
1059874
1059760
1059740
1059710
1059707
1053427
1044865
1044557
1044409
1043824
1043547
1043122
1042743
1042527
1042151
1041781
1041750
825398
824738
824737
822189
821004
820525
820121
820026
820025
819971
818845
818716
817760
817005
816488
815706
815703
815702
815701
815700
815687
815499
815496
815189
814964
814963
814918
814751
814654
813943
813752
813554
813492
813056
812961
812885
812884
812853
812828
812826
812824
812818
812454
812400
812399
812398
812183
812050
812024
812007
811931
811806
811800
811715
811714
811707
811687
810514
799580
790576
785528
782037
780072
779330
778577
776118
773815
773480
772650
772268
772205
770542
770067
770063
769819
769111
768600
768599
768598
768597
768596
768594
768593
768592
768590
768589
768588
768587
768586
768585
768584
766929
766524
766519
766518
766506
766439
766367
766366
765818
765817
765062
765036
765035
764983
176701
174969
174856
173738
173699
173655
173056
173030
172561
172517
172399
171947
171360
132808
132805
132164
131975
131666
130761
130184
130078
130040
130039
129901
129703
128721
128301
127815
127782
127777
127770
127684
127670
59443
59442
59296
58648
58086
58056
54914
54369
54337
54336
53885
5834
5032
5026
5024
5013
2527
1418
1417
1345
1344
1305
1304
1303
1302
1301
1300
1299
935
792
218
1243531
1208908
1829
1215950
1207591
1207590
53578
53576
53573
53570
3014
1221634
1104305
1104304
813367
1242446
1207342
1242516
1195920
1195915
1061886
814510
814509
1200053
1215310
1242794
1197076
1196527
1196526
1196525
1196524
1196523
1196513
1196512
1105475
1102738
1081148
241869
175451
175449
175446
1215204
1215195
1214891
1198243
1192308
1192122
1192106
1108182
1082575
766359
765966
53548
53535
53515
53508
53507
53502
53086
1239660
1214698
1209151
1209150
1196511
1107849
1081447
765704
765703
173990
173989
128698
1240134
1178034
1178023
1105886
1101066
1074773
1042908
53827
1219261
1243484
1243483
1243482
1243481
1243465
1243464
1243463
1243462
1243461
1243440
1243422
1243420
1243316
1243312
1243300
1243299
174511
174510
1242458
1207341
1189100
1186650
1102908
1102736
1241388
174212
1239124
1226038
1224672
1224671
1224670
1214694
1200967
1198239
1197844
1196888
1192087
1083922
1083596
812479
812362
775181
53865
53456
53441
52646
1200716
1188364
1183350
1183348
172785
1240836
1042898
810729
767234
1073284
1060951
1060943
1060941
1228728
1227472
1200653
1200560
1195972
1193345
1190622
1187881
1186275
1178861
1176749
1108776
1106323
1104118
1103421
1103419
1102617
1242188
1230645
1199170
1199169
1189088
1189083
1107626
1082043
815034
810917
1981
852
175499
1240582
1214685
1214684
1202466
1202465
1198228
1198226
1198224
1192066
1192063
1105952
1102076
1081739
1081686
810238
172185
53420
53408
53407
53403
53374
53373
53371
53370
1106853
1102282
814413
172769
1238333
809709
1043366
1187442
1183041
1103102
1205409
1105285
1244176
1243730
1243720
1243708
1243707
1243227
1243127
1242878
1242876
1242787
1241465
1241280
1241215
1240712
1239513
1239198
1239073
1238830
1238141
1238140
1238020
1238017
1235141
1235138
1235137
1235136
1235135
1235133
1235129
1235125
1235124
1235122
1234542
1234290
1234288
1234287
1234210
1234207
1234191
1233460
1233015
1233012
1232792
1232790
1232787
1230975
1230973
1230956
1230935
1230381
1230059
1230058
1229736
1229093
1229087
1228730
1228547
1228546
1228370
1228291
1228282
1228272
1228134
1228133
1228132
1228131
1227469
1227153
1227147
1227144
1227140
1227138
1227129
1226714
1226385
1226384
1226335
1226051
1225169
1224484
1224395
1224289
1224288
1224287
1224286
1224284
1224283
1224282
1224200
1223989
1223986
1223985
1223984
1223749
1223705
1223518
1223502
1223271
1223267
1223236
1223234
1223233
1222965
1221705
1221701
1221699
1221697
1221692
1221691
1221690
1221689
1221687
1221686
1221685
1221538
1221537
1221535
1221515
1221512
1221510
1221509
1220954
1220939
1220937
1220387
1220386
1220385
1220378
1220376
1220374
1220168
1220165
1220163
1220159
1220156
1220149
1220134
1220033
1219979
1219978
1219977
1219660
1218919
1218310
1217608
1217601
1217273
1216773
1216479
1216465
1216464
1216454
1216251
1215940
1215917
1215916
1215915
1215688
1215673
1215539
1214331
1214326
1214091
1212702
1212611
1212606
1212604
1212601
1212298
1211965
1211961
1211911
1211909
1211802
1211693
1211412
1211411
1211410
1211407
1211406
1211280
1210091
1209884
1209883
1209882
1209876
1209874
1209872
1209852
1209842
1209840
1209837
1209836
1209835
1209243
1209034
1208249
1208243
1207562
1207521
1207325
1207320
1206961
1206897
1206894
1206689
1204905
1204901
1204848
1204670
1203176
1202978
1202972
1201657
1201526
1201514
1201250
1200914
1200910
1200870
1200650
1200632
1200629
1200619
1200575
1200562
1200558
1200511
1200507
1200501
1200499
1200498
1200265
1200037
1200024
1200023
1199913
1199912
1199416
1199415
1199132
1199052
1199040
1199039
1199038
1199035
1198955
1198882
1198881
1198879
1198683
1198576
1198308
1198307
1198301
1198214
1198213
1198210
1198067
1197929
1197611
1197210
1197207
1197132
1197131
1197056
1196849
1196727
1196702
1196685
1196684
1196683
1196317
1196151
1195734
1195425
1195173
1194764
1194723
1194407
1194405
1194309
1194178
1194071
1193819
1193736
1193732
1193726
1193724
1193410
1193406
1193348
1192916
1192913
1192911
1192910
1192908
1192907
1192906
1192623
1192522
1192517
1192512
1192345
1192030
1192016
1191953
1191952
1191781
1191608
1191436
1191435
1191427
1191021
1190860
1190625
1190624
1190623
1190621
1190619
1190230
1190229
1190227
1190171
1190168
1190165
1190159
1190158
1190157
1190129
1190125
1190122
1190042
1189916
1189912
1188669
1188597
1188582
1188581
1188426
1188422
1188420
1187153
1186654
1186493
1186492
1186491
1186297
1185894
1185365
1185358
1185352
1185349
1185340
1185278
1185270
1185264
1185144
1185019
1185015
1184447
1184445
1184443
1184442
1184262
1184260
1184259
1183994
1183993
1183984
1183981
1183953
1183640
1183131
1183127
1181582
1181577
1181576
1181394
1180366
1180294
1178860
1178858
1175272
1175270
1108808
1108778
1108649
1108471
1108376
1108355
1107771
1107718
1107717
1107553
1107496
1107268
1106963
1106759
1106280
1106278
1106243
1106240
1106232
1106192
1106076
1105645
1105590
1105588
1105432
1105431
1105403
1105377
1105375
1105369
1105363
1105254
1105173
1105172
1105004
1105003
1104969
1104766
1104720
1104510
1104486
1104483
1104402
1104268
1104015
1104000
1103806
1103766
1103759
1103613
1103568
1103567
1103562
1103437
1103073
1103037
1103020
1102998
1102746
1102732
1102641
1102640
1102621
1102616
1102502
1102247
1101715
1086768
1085101
1084792
1084507
1084506
1083580
1083128
1082841
1082833
1082611
1082609
1082377
1082338
1082334
1081984
1081684
1081672
1081669
1081668
1081571
1081558
1081343
1081338
1077434
1075985
1074125
1073544
1073524
1073523
1073521
1064264
1062837
1061557
1061410
1061367
1061365
1061355
1061263
1060180
1060177
1059978
1059517
1059489
1059485
1059484
1059482
1059275
1059058
1059022
1059021
1059019
1058981
1053561
1053560
1053457
1045213
1044400
1043998
1043940
1043928
1043822
1043818
1043112
1042636
1042539
1042435
1042023
1041820
1041748
830063
829830
829692
823533
821323
819368
817646
817400
817371
817233
816456
816289
816286
816119
816117
816105
815081
814684
814399
814373
813931
813831
813814
813398
813397
813351
813267
813257
813256
813110
813092
813050
812737
812652
812643
812507
812375
812372
812205
811954
811953
811928
811811
811761
811686
811685
811684
811636
811195
811141
811083
810781
810743
810530
810374
810371
810291
803182
798067
790533
779899
779676
778744
776820
775781
775228
773279
772912
772911
772837
772668
772667
772551
772345
772296
769956
769431
769397
769313
769108
767238
766629
766505
766398
766363
766174
766173
766133
765877
765815
765599
765022
764982
764830
176850
176848
175746
174701
173914
173449
173387
173090
172572
172450
172034
171908
171528
171323
171305
171127
170835
138763
133067
132556
130983
130982
130981
130980
130768
130767
130766
130765
130756
130755
130688
130034
130033
129907
129811
129036
128911
128513
128507
127917
127902
127771
127095
127021
126691
58401
58399
58361
57646
57259
54858
54430
53363
53360
53340
52935
52932
52870
52474
52458
52455
7514
7082
4462
3843
2098
2000
1994
950
937
664
334
307
306
1207932
1195301
1183331
1183322
1182762
1182757
1082111
769352
1242626
1238904
1196948
1188877
1101059
812069
810954
52116
1186372
1189058
1187435
1187428
1174377
1174369
1160971
1187132
1207547
1202446
1202445
1198877
1191998
1191989
1181523
1107770
1061936
1052475
171780
78169
78168
78167
78155
53937
1187027
1175476
1080705
810705
810654
1177984
1177627
1043509
1043508
1240125
1181570
1181568
1106727
1043272
808654
781508
1207539
1207537
1191976
1188545
1104050
53083
52808
52800
1164897
1164890
1100343
1081851
1174229
1174225
1221071
1221070
1084318
1042852
175491
1239869
1216949
1210399
1197835
1184436
1184434
1184431
1184430
1179745
1179743
1177622
1166862
1105413
1104415
1103882
53793
1242154
1242152
1242147
1242146
1178569
1242503
1242391
1202116
1200016
1199976
1195493
1194305
1192642
1190151
1180585
1178166
1178162
1178160
1177335
1176352
1175422
1166413
1165888
1106388
1103414
1101133
1100792
1099187
1080700
1242519
1196868
1196865
1196220
1182465
1105112
1102060
810213
242082
172864
127128
52098
52077
52071
1226781
1196083
1192449
1186602
1179383
1102891
1102890
1101379
1100340
1100337
1081637
810651
171545
1243854
1160964
1100947
1062662
1059976
768715
1057990
1190057
1174231
1101241
808652
241346
241065
1237852
1187119
1104318
1103056
1196209
1196208
1188532
1188523
1181016
1179615
1178508
1178502
1174917
1174915
1165822
1101218
1101216
1101214
809090
171777
52016
52006
52000
1220265
1220261
1157718
1076923
126388
50918
1178536
11661225
11630632
1243930
1243810
1243764
1243596
1242804
1242684
1242683
1241692
1241691
1241690
1241689
1241688
1241687
1241686
1241643
1241641
1241384
1241383
1240976
1240893
1240507
1240148
1239654
1239399
1239267
1239189
1238868
1238865
1238864
1238715
1238689
1238369
1238016
1237503
1237502
1237501
1237283
1237102
1236841
1236718
1236621
1236618
1236574
1236211
1235386
1235382
1235368
1235288
1234918
1234917
1234916
1234915
1234914
1234882
1234880
1234877
1233158
1233157
1233156
1233153
1233092
1232567
1232053
1232052
1231670
1231542
1231537
1231237
1231232
1231225
1231223
1231222
1231220
1231213
1231209
1230565
1230564
1228801
1228800
1228799
1228119
1227610
1227160
1227124
1227118
1227117
1224780
1224567
1224566
1224564
1224563
1224561
1224560
1224070
1224057
1224049
1224045
1224042
1223719
1223581
1221934
1220100
1220098
1220051
1219133
1218756
1218480
1215074
1214363
1214350
1214340
1214337
1214330
1214329
1214017
1214013
1214012
1212859
1212857
1212624
1211888
1211848
1211846
1211558
1211070
1211013
1210898
1210897
1210892
1210891
1210890
1210888
1210436
1210432
1210394
1210061
1210057
1210048
1210047
1210044
1209925
1209924
1209923
1209922
1209921
1209335
1209329
1209318
1209317
1209273
1208520
1208312
1208310
1206942
1206873
1206872
1206860
1206249
1205979
1205496
1205072
1205071
1204539
1204313
1202802
1202796
1202768
1202470
1202469
1202427
1201950
1201641
1201640
1201639
1201461
1201460
1201459
1201458
1201190
1200951
1200612
1200605
1200581
1200577
1200492
1200488
1200322
1200231
1200230
1200113
1199978
1199977
1199975
1199131
1198965
1198963
1198831
1198829
1198828
1198813
1198389
1197717
1196826
1196790
1196786
1196785
1196272
1195510
1195503
1195501
1195496
1195491
1195489
1193794
1193244
1192747
1192650
1192617
1192473
1192472
1192463
1192340
1192271
1191936
1191925
1191915
1191914
1191619
1191489
1191123
1191079
1191019
1191015
1190808
1190682
1190658
1190596
1190592
1190584
1190397
1190260
1190152
1190146
1190141
1190139
1189803
1189135
1188506
1188490
1187685
1187464
1187405
1187257
1186769
1186205
1185473
1185048
1185047
1185046
1185014
1185010
1185009
1185007
1184733
1184635
1184632
1184629
1183895
1183892
1183886
1183626
1183145
1182576
1182574
1181744
1181511
1181252
1181251
1181249
1181167
1181162
1181159
1180783
1180579
1180254
1180253
1179577
1179565
1178168
1178167
1178165
1178164
1178163
1178161
1178159
1178158
1178157
1178156
1177536
1177485
1177357
1177356
1177340
1177018
1176985
1176721
1176353
1176347
1176344
1176246
1176243
1175860
1175432
1175423
1175417
1175330
1175143
1174405
1174384
1174138
1172652
1172368
1167007
1167006
1166981
1166980
1166943
1166856
1166455
1166407
1166380
1166341
1166340
1166329
1166326
1166029
1165964
1165962
1165878
1165380
1164110
1163708
1163447
1163419
1162047
1161224
1159599
1159598
1159588
1159586
1159583
1159579
1159489
1159484
1158114
1108727
1108528
1108527
1108525
1108524
1108522
1108521
1108514
1108513
1108469
1108468
1108227
1108034
1107658
1107621
1107546
1107544
1107255
1107171
1106437
1106387
1106315
1106180
1106101
1105401
1105211
1104967
1104857
1104524
1104507
1104476
1104475
1104259
1104237
1104196
1104114
1104075
1104042
1104040
1104038
1104035
1103939
1103923
1103921
1103792
1103791
1103744
1103743
1103415
1103413
1103412
1103411
1103410
1103409
1103408
1103071
1103066
1102867
1102866
1102817
1102615
1102571
1102564
1102563
1102562
1102560
1102559
1102557
1102484
1102002
1101761
1101723
1101678
1101504
1101423
1101420
1101132
1100875
1100874
1100873
1100810
1100788
1100740
1100715
1100714
1100713
1100712
1100711
1100577
1100576
1100295
1100204
1099565
1099183
1099182
1099120
1099119
1099117
1098838
1085472
1084093
1082626
1082206
1081772
1081414
1081400
1081373
1081274
1081064
1080956
1080769
1080468
1077087
1075981
1075000
1073321
1073138
1072957
1071033
1061965
1061842
1061776
1061670
1061552
1061549
1061548
1061546
1061541
1060957
1060876
1060808
1060805
1060768
1060574
1060568
1060379
1060378
1059928
1059922
1059919
1059913
1059880
1058979
1058769
1058733
1058732
1058731
1058730
1058729
1058728
1058726
1058435
1058401
1058246
1057624
1052864
1047116
1046941
1044684
1043814
1043219
1042499
1042278
1041723
1041649
1041647
1041642
1041641
1041598
1041422
1041420
1041408
1041317
817555
817447
817446
817055
817054
816738
815453
815452
815075
814600
814273
813565
813537
813456
812397
812299
812018
812015
811778
811743
811424
811421
811318
811317
811302
811161
811139
810522
810494
810393
810336
810315
810032
810021
809738
809500
809499
809398
809397
809395
809394
809393
809392
809391
809390
809373
809372
809371
809251
808830
808807
808802
798583
796532
792602
788649
781476
781396
778875
776844
776843
776842
775842
775841
773205
773038
772774
769107
767249
766502
765488
765404
242316
242303
242218
242105
241965
241260
241048
241038
181106
179248
175615
175424
174920
174271
174183
174182
174180
174179
174178
174177
174176
174175
174174
173849
173847
173648
173277
173092
172982
172932
172881
172662
172445
172097
171967
171313
171298
171172
170834
170581
170335
170239
169681
169599
169171
138012
135532
133536
132060
132057
132056
131272
131271
131269
129979
129825
129584
129532
129457
128960
128957
128881
128835
128821
128805
128804
128803
128801
128800
128799
128798
128581
128189
128155
127758
127646
127381
127073
127003
126690
126668
126492
58846
58844
55995
54284
54003
53832
52931
52659
51941
51883
50892
6984
6392
2621
1947
519
331
122
1156985
1223745
1223742
1222523
1199142
1195666
1188810
1179367
1105992
171794
53945
1187424
1174213
1174212
1174211
1174202
1099258
1179609
1174879
1101396
1080888
1080887
170675
169950
51448
51439
51420
51419
51411
51405
51404
51403
1210339
1187387
1183317
1183316
1165724
1160800
1157712
1098893
1098892
809695
808699
126378
125852
1241380
1222923
1152914
1042825
810584
131101
127954
1165099
1179510
1179507
1179506
1174192
1174191
1174190
1174189
1166015
1165753
1161215
51078
1209112
1178183
1242243
1196186
1196185
1178480
1178477
1174856
1174853
1156986
1156981
1105102
1101206
1100188
809086
127924
51381
51379
51358
51356
51354
1192960
1192951
1176178
1105129
1102832
1097914
1081969
1073260
1241133
1165078
1057978
1216942
1178993
1174177
1174166
1172629
1166558
1166557
1164393
1163050
1161617
1161190
1101495
1099818
1099817
1099558
1043186
776501
766427
240041
169694
169604
1152860
1097912
1215899
1179232
1179230
1178469
1178463
1164661
1164646
1162872
1162871
1158646
1158644
1102883
1100181
1080884
809084
766168
126102
51334
51321
51309
51305
1186566
1177811
1177738
1157701
1157699
1100990
240997
171543
1179245
1173921
1166914
1164056
1163881
1163549
1162421
1161654
1159852
1159333
1158907
1158093
1157440
1157411
1155667
1142531
1104227
1100335
1100008
1099916
1098616
1098193
1081341
1166253
1166252
1161513
1161512
1152885
1152876
1099454
1042803
809916
239339
10277862
10235961
10235960
10235958
10235957
1239949
1162676
1162668
1085172
1073253
1073252
1059046
175482
125877
1223640
1223639
1223638
1174161
1174153
1174149
1161613
1165923
1242110
1215897
1215895
1174836
1174827
1172321
51663
51277
51235
1226775
1161172
1101008
1082258
809689
770123
770122
1173900
1180760
168487
1043324
1100069
22334996
12307395
12258500
1243978
1243877
1243876
1243685
1243682
1243545
1242606
1242505
1242504
1242303
1241163
1240598
1239611
1238474
1238467
1238246
1237686
1237653
1237651
1237353
1237063
1237062
1236767
1236679
1236666
1236374
1236237
1236206
1236205
1235584
1235583
1235490
1235472
1235215
1235006
1234691
1234681
1234676
1234350
1233386
1232858
1232495
1232486
1231656
1231397
1231393
1231374
1231373
1231371
1231370
1231361
1231137
1231121
1231116
1231029
1231016
1230375
1230374
1230369
1230367
1230365
1230364
1230363
1230357
1228919
1228917
1228698
1228317
1228298
1228296
1228053
1228051
1226307
1226303
1226301
1226300
1224728
1224555
1224554
1224551
1224548
1224547
1224541
1224540
1223714
1223330
1222978
1222439
1221889
1221887
1221499
1221464
1220928
1220327
1219727
1219726
1219604
1219595
1219593
1219592
1219591
1219590
1219589
1219351
1219328
1219218
1219034
1219025
1219022
1219020
1218950
1218915
1218484
1217786
1217785
1216765
1216749
1216665
1216664
1216661
1216654
1216339
1216338
1215823
1214957
1214955
1214843
1214594
1214426
1214290
1214069
1212829
1212118
1211055
1210309
1210308
1210293
1210288
1210071
1209797
1209742
1209449
1209283
1209045
1208336
1207965
1207959
1207534
1207533
1206831
1206830
1206829
1206828
1204562
1204558
1204114
1202875
1202874
1202870
1202869
1202755
1200939
1200937
1200221
1200213
1200212
1200211
1200209
1200208
1199824
1199822
1199590
1199589
1199588
1199587
1199585
1199579
1199578
1199575
1199574
1199532
1199531
1198800
1198784
1198021
1197346
1197332
1197169
1197168
1197164
1197163
1196334
1196044
1195681
1195062
1195060
1194103
1193655
1192993
1192992
1192988
1192535
1192531
1192504
1192502
1192322
1191460
1191345
1191233
1190822
1190633
1190372
1190367
1190365
1189797
1189026
1188686
1188516
1187989
1187561
1187473
1186708
1186418
1186417
1186416
1186415
1186414
1186413
1186412
1186411
1186410
1186409
1186220
1185772
1185745
1184815
1184502
1184500
1184499
1184498
1184362
1184361
1184335
1184266
1184192
1183846
1183575
1183066
1181723
1181673
1181514
1181041
1180816
1180550
1180447
1180436
1180435
1180285
1180131
1180130
1179542
1179252
1179010
1178626
1178624
1178121
1177377
1176825
1176798
1176634
1176629
1176624
1176623
1176329
1175848
1175390
1175117
1175072
1175068
1175067
1175065
1175064
1175062
1174435
1174429
1174404
1174312
1174290
1174287
1174286
1174266
1174113
1174112
1174111
1174110
1174096
1173916
1172513
1172512
1172417
1172402
1172259
1171716
1167054
1167053
1167047
1167045
1166977
1166844
1166792
1166125
1166119
1165948
1165944
1165853
1165760
1165759
1165756
1165655
1165653
1165641
1165539
1165536
1165309
1165308
1165305
1165304
1165298
1165296
1165122
1165120
1165119
1164235
1164131
1164128
1164073
1164055
1163890
1163884
1163882
1163880
1163877
1163869
1163848
1163598
1163591
1163588
1163587
1163550
1163530
1163529
1163517
1163492
1163491
1163490
1163489
1163487
1163486
1163485
1163471
1163412
1163035
1163034
1163033
1162986
1162979
1162818
1162813
1162565
1162417
1162322
1161664
1161663
1161662
1161656
1161655
1161653
1161401
1161239
1161225
1160352
1160192
1159334
1159331
1159328
1158923
1158921
1158920
1158908
1158773
1158770
1158181
1158092
1157568
1157567
1157566
1157563
1157562
1157561
1157560
1157559
1157558
1157553
1157539
1157444
1157431
1157413
1157412
1157371
1157368
1157363
1157356
1157354
1156915
1156912
1156911
1156909
1156168
1155994
1155663
1155037
1151078
1142533
1142532
1142529
1142510
1108451
1108447
1108439
1108167
1107984
1107887
1106222
1106092
1106091
1106089
1106085
1106075
1106066
1106030
1105939
1105936
1105870
1105384
1105281
1104543
1104413
1103895
1103802
1103643
1103616
1103463
1103462
1103390
1103152
1103111
1103110
1102829
1102516
1102515
1102495
1102480
1102477
1102358
1102330
1102252
1102158
1101822
1101756
1101720
1101251
1101156
1100919
1100799
1100798
1100797
1100796
1100795
1100793
1100682
1100681
1100680
1100675
1100674
1100523
1100521
1100514
1100486
1100200
1100040
1100007
1100006
1099950
1099946
1099900
1099897
1099884
1099815
1099766
1099664
1099616
1099562
1099488
1099399
1099166
1099059
1099058
1099036
1098962
1098831
1098617
1098615
1098487
1098107
1097756
1095785
1095784
1088828
1082130
1081448
1081375
1081357
1081348
1081245
1081244
1081034
1080974
1080946
1080858
1080839
1080766
1080651
1080413
1080412
1075014
1073565
1073515
1072785
1063491
1061319
1061318
1061317
1061312
1061244
1061243
1060979
1060978
1060977
1060586
1059902
1059897
1059789
1059787
1059423
1059273
1059129
1058337
1058285
1058217
1057870
1057503
1057502
1056995
1053208
1047945
1045759
1043902
1043900
1043899
1043197
1042427
1042262
1042256
1041685
1041684
1041627
1041585
1041514
830164
829575
821284
821155
814663
814458
814177
813593
813288
813193
813093
813046
813045
812311
812294
811321
811320
811231
811127
811126
810931
810929
810786
810671
810670
810472
810459
810306
810305
810304
810279
810084
809983
809887
809879
809793
809777
809520
809516
809485
809355
809133
809015
809014
808991
808959
808870
808860
808801
808790
808701
808520
808444
808400
808399
808365
808196
807983
807953
807647
807610
801931
799497
798392
798390
791728
790480
782381
782071
782069
782068
781863
780219
778816
775952
775852
775851
772962
772961
770414
769860
769455
769046
766877
766377
766376
766340
766339
765603
765457
765136
242276
242068
242065
241739
241652
241281
241246
240922
240871
240329
240276
239329
178102
174973
174329
174326
173517
173121
172919
172878
172212
172093
171530
170854
170836
170696
170599
170573
170208
170207
169773
169520
169183
169104
168280
133560
133467
131954
131923
131412
130624
130609
129938
129937
129936
129898
129799
129647
129290
129289
128973
128906
128271
128005
127776
127533
127475
127153
126981
126977
126976
126970
126949
126937
126921
126655
126069
126067
126047
126046
125939
125809
125563
125316
57244
56836
54998
53135
52908
52430
52400
52307
52303
52296
51587
50915
7167
3718
1945
1943
1936
1166678
1161280
1186554
1179353
1174350
1165807
1165805
1164621
1164606
1164605
1164603
1162528
1162526
1099648
808849
125921
51217
51214
51212
51203
1157672
1157671
1098882
809679
1041383
1177563
1100946
169523
1097382
1173901
1173898
1173893
1161590
1161589
169243
1172298
1165738
1162522
1156827
1156818
1101079
1101002
1099780
1058529
240207
51168
51164
51141
1177715
1157668
1157665
1157663
1099425
809673
809672
809671
809670
125642
1097922
1080254
1242242
1231287
1179345
1057433
1173883
1173881
1153119
1083480
1041280
1170537
1143890
1214061
1162313
1160788
1160784
1156809
1156808
1156799
1156792
1101387
808245
50543
50537
50526
50520
50511
50504
1189503
1178976
1171088
1165620
1164716
1163022
1163019
1163014
1157654
1155536
1150523
772469
177907
58480
1225791
1225790
1152929
239345
57913
1101112
1058350
169903
1205100
1194223
1188677
1165931
1159916
1159901
1156236
1155734
1153740
1150874
1150325
1147454
1096696
1057062
10314997
10241827
10238001
10236876
1173673
1173670
806715
1239477
1162665
1161867
1161864
1143884
1152972
1162887
1162882
1160779
1160771
1156779
1156757
1099691
1095171
1095169
1079748
49831
49830
49828
49795
49793
1226154
1216866
1216865
1164713
1164712
819791
818493
818492
1161146
1094293
1178453
1178451
1177559
1177546
1215291
1098899
1098897
1056222
169118
1173860
1173850
1173848
1167292
1161569
1160856
1160853
1160852
1160851
1145886
1097747
1080641
1080212
807753
51067
1160759
1154634
1153999
1153998
1148799
1148778
1148775
1148772
1148768
1098181
1097051
1097049
807970
807969
168653
51990
51970
1242832
1242246
1242217
1241409
1241408
1240687
1238951
1238948
1238862
1238757
1237338
1236203
1236202
1234954
1234332
1233752
1233747
1233746
1232940
1232937
1230553
1230552
1230551
1230550
1230548
1230547
1230544
1230543
1230542
1230541
1230538
1230534
1229996
1224777
1224775
1224774
1224771
1221613
1221606
1221598
1221594
1220983
1220982
1219283
1219061
1217780
1217774
1217771
1217770
1216642
1216627
1216623
1216622
1213812
1213804
1212125
1211991
1210646
1210643
1210641
1210603
1210592
1210573
1210572
1210571
1210560
1210557
1208087
1208086
1208085
1208075
1205595
1205588
1205570
1203228
1203226
1202885
1202883
1202881
1202879
1202877
1202497
1202491
1202488
1202484
1200698
1200684
1200674
1200335
1200315
1199528
1199521
1198848
1198191
1198181
1198177
1198176
1195531
1195529
1195528
1195235
1194222
1194219
1191141
1190856
1190852
1187547
1186773
1186772
1186753
1186094
1186091
1186089
1186081
1186080
1186015
1186014
1185998
1185254
1185193
1185136
1185064
1184763
1183368
1183367
1182027
1181785
1180547
1179855
1179849
1179705
1179703
1179690
1179671
1179670
1179668
1178618
1178213
1177291
1177046
1176292
1176287
1175228
1174808
1174807
1174806
1174800
1174463
1174009
1173944
1172635
1172441
1172325
1172137
1171825
1171779
1171337
1171170
1166453
1166198
1165605
1165429
1164759
1164758
1164698
1164066
1164060
1163724
1163514
1163510
1162975
1162848
1162593
1162416
1161766
1161647
1161385
1161359
1161358
1161355
1161351
1161350
1160925
1160924
1160923
1160469
1160309
1160308
1160307
1160153
1160150
1160148
1160147
1159925
1159914
1159903
1159323
1159322
1158950
1158622
1158619
1158618
1158615
1158178
1158177
1158175
1158165
1157961
1157756
1157642
1157471
1157232
1157231
1157117
1157114
1156847
1156233
1156228
1156227
1156160
1156147
1156128
1156069
1156068
1155852
1155846
1155832
1155736
1155733
1155727
1155485
1155446
1155382
1154225
1152841
1152840
1152839
1152838
1152837
1152836
1152835
1152834
1152428
1152421
1151769
1151590
1151584
1151578
1151577
1151561
1151148
1150517
1150512
1150056
1150039
1149872
1149558
1149556
1149549
1149546
1149216
1147469
1147405
1147403
1147316
1145934
1145933
1143280
1140076
1139544
1106371
1106335
1106333
1106332
1106082
1106080
1106079
1106072
1106071
1106069
1106065
1106062
1105811
1105810
1105731
1105382
1104981
1104980
1104979
1104978
1104977
1104976
1104975
1104974
1104973
1104936
1103755
1102772
1102251
1102054
1101870
1101813
1101789
1101559
1101557
1101246
1100085
1100013
1099996
1099881
1099830
1099686
1099679
1099658
1099656
1099653
1099384
1099147
1099063
1099004
1098967
1098965
1098782
1098733
1098597
1098535
1098534
1098528
1098523
1098521
1098507
1098457
1098443
1098441
1098185
1097969
1097841
1097838
1097625
1097620
1097381
1097337
1097296
1097232
1097224
1097146
1096708
1096707
1096704
1096620
1096618
1096410
1088803
1084049
1083423
1082440
1081881
1081836
1081705
1081171
1080559
1080534
1080459
1080431
1080402
1080226
1080195
1080098
1080096
1080095
1080089
1076910
1076019
1072278
1060007
1060006
1060000
1059818
1059817
1059816
1059814
1059812
1059811
1059810
1059809
1058689
1058688
1058687
1058677
1058673
1058670
1058555
1058549
1057734
1057493
1057148
1057081
1057073
1057063
1057059
1056971
1056970
1056969
1056967
1056966
1056829
1056467
1056466
1056465
1056464
1053388
1045018
1045016
1042464
1042462
1041533
1041491
1040574
1040251
822782
820320
819786
818737
817529
815730
815639
815094
815093
815092
815091
814671
814325
814320
813355
812307
812306
812305
812304
812302
811919
811918
811917
811739
811738
811736
811200
810581
810199
810077
809838
809587
809306
809081
809051
808961
808891
808857
808657
808656
808645
808612
808583
808499
808267
808152
808133
808123
808101
807981
807739
807697
807663
807662
807621
807620
807619
807526
807448
807110
807109
806849
802152
788186
788185
781958
779743
779627
775819
770401
767119
767118
766375
241456
241090
240941
240150
240048
240040
240039
240038
239896
239050
238736
238325
180880
176031
173119
172056
170701
169977
169732
169690
169688
169593
169592
169436
169377
169277
169202
168937
168836
168798
168655
168128
168127
167582
166427
166407
133269
132168
129902
129642
128875
128270
128268
128192
126607
126264
125808
125773
125619
125601
125556
125460
125337
124816
124446
53317
52736
52231
51648
51592
51006
50622
49969
3418
681
1222520
1179768
1178965
1178962
1143306
1143303
1171369
1152975
1152973
1145864
1145863
1097931
1173646
1173645
1173642
1079882
1057054
807891
1161102
1160753
1160750
1160748
1160743
1154197
1153994
1148731
1148726
1139496
1139495
1098273
1095166
49791
49783
49763
49756
49755
49745
1150508
1097881
52244
1134535
1040884
806017
1101109
1058342
170567
1179765
1179762
1179760
1173842
1173838
1173835
1173834
1173823
1145875
1097745
1079938
239256
1170534
1143856
1171529
1160727
1154637
1139275
1139274
1139270
808019
808018
237598
168680
50627
49709
49707
49706
49702
1099991
1134526
1134517
1097940
1040871
1154182
1154177
811711
1243542
1226935
1221313
1220317
1162684
1158263
1158251
1158248
1155523
1150507
1150504
1095394
808129
1173447
1173441
1154516
1096098
1154171
1148966
1146193
1140944
1139249
1139235
1096447
1096446
1095135
1095132
49679
49677
49674
49662
49657
1220902
1171349
1163990
1154210
1154209
1149527
1147836
1147641
1147379
1101477
1099146
1097544
1080363
1079900
1062630
1057256
1041516
1041214
1220302
1157083
1157079
1100982
1098775
124247
1093030
170685
165417
1142938
1142934
125865
1081389
1173425
1173420
1173409
1135108
1135103
1135102
810263
48564
1173949
1146186
1131674
1131667
1131657
1104336
1104332
1094310
239452
169459
168648
124987
1132364
1098511
808709
808708
1168854
1128627
1237779
1102902
809654
51059
12307373
12307372
11627395
11616383
1244178
1243929
1243928
1243757
1243752
1243751
1243750
1243749
1243747
1243746
1242238
1241586
1241171
1240875
1240874
1240873
1240871
1240870
1240680
1240597
1240078
1239823
1238729
1238258
1238063
1237812
1237208
1237020
1237019
1237017
1237016
1237015
1236974
1236635
1236616
1236615
1236454
1236452
1236253
1236134
1234873
1234621
1234595
1234594
1234584
1231178
1231175
1231173
1231161
1230945
1230944
1230943
1230801
1230705
1230435
1230434
1228646
1228643
1228632
1227873
1227833
1227724
1227636
1227332
1226693
1226683
1226682
1225929
1225045
1224660
1223829
1223245
1220904
1220903
1220901
1220900
1220710
1220401
1220392
1220391
1220241
1220207
1220205
1220200
1220198
1220197
1220196
1220195
1220194
1220193
1220192
1220189
1220185
1220115
1219701
1219586
1218854
1218851
1218645
1217358
1217354
1217169
1217167
1217160
1216842
1216838
1216734
1216733
1216719
1216614
1216613
1216597
1216596
1216595
1216591
1216586
1216585
1216584
1216582
1216279
1216061
1216055
1215736
1215728
1215102
1215088
1215064
1215062
1214841
1213894
1213821
1213820
1213797
1213786
1213785
1213697
1213587
1213578
1213577
1213576
1213575
1213574
1212081
1212061
1211579
1208700
1208697
1208695
1208694
1208326
1208149
1207955
1207852
1207003
1207002
1207001
1206978
1206835
1206789
1206788
1206785
1206784
1206601
1206600
1206599
1206598
1204308
1204297
1202260
1201678
1201675
1201187
1196114
1196113
1194387
1194386
1192753
1192229
1192227
1192226
1191529
1190112
1189019
1188263
1188228
1188219
1187532
1187502
1187501
1187495
1187233
1187228
1186315
1185920
1185919
1184325
1184160
1184132
1182790
1181658
1181641
1181639
1181633
1181631
1180771
1180612
1180144
1180138
1179938
1179884
1179883
1179204
1179131
1178818
1178283
1177419
1177348
1174783
1173941
1173934
1173805
1172296
1172157
1171633
1171358
1170999
1170779
1167077
1166827
1166715
1166712
1166711
1166710
1165843
1164908
1164907
1164902
1164387
1164326
1164318
1164312
1164005
1163093
1162927
1162783
1162746
1162543
1162542
1162541
1162539
1162538
1162537
1162536
1162340
1162336
1162334
1162100
1162099
1161634
1161632
1161628
1161498
1161454
1161268
1160859
1160336
1160334
1160302
1160301
1160292
1160241
1160064
1159858
1158542
1158382
1158236
1158235
1158232
1157810
1157808
1157405
1157403
1157401
1157384
1157377
1157344
1157139
1156494
1156059
1155895
1155893
1155890
1155868
1155866
1155715
1155714
1155712
1155702
1155700
1155694
1155679
1155670
1155590
1155587
1155436
1155435
1155422
1155372
1155107
1155106
1155077
1154565
1154564
1154297
1154219
1154122
1154113
1154078
1154005
1154004
1153796
1153250
1153246
1153136
1152826
1152315
1152179
1152178
1152079
1151549
1151535
1151479
1151146
1151131
1150897
1150711
1150704
1150498
1150492
1150491
1150425
1150109
1150027
1149998
1149997
1149996
1149993
1149539
1149533
1149523
1149508
1149161
1148964
1148960
1148946
1148913
1148136
1147645
1147636
1147633
1147441
1147431
1147428
1147427
1147388
1147384
1147382
1147378
1147373
1147372
1147363
1147359
1147349
1147347
1147341
1146924
1146788
1146782
1146771
1146470
1146327
1145927
1145915
1145910
1145227
1145226
1145033
1144909
1144666
1144550
1143967
1143959
1143957
1143955
1143267
1143105
1142864
1142773
1142486
1141978
1141765
1141663
1141662
1141429
1140855
1140789
1140617
1140616
1140572
1140566
1140342
1139959
1139944
1139537
1139415
1138556
1138555
1138553
1138402
1134273
1132121
1107527
1104648
1104647
1104567
1103963
1103934
1103933
1103928
1102441
1101587
1101447
1101054
1100861
1100859
1100561
1100538
1100160
1100037
1099700
1099699
1099571
1099531
1099145
1099029
1098815
1098670
1098539
1098503
1098437
1098384
1098354
1098289
1098183
1098120
1098030
1098002
1097985
1097982
1097744
1097720
1097616
1097591
1097546
1097288
1097218
1097084
1097083
1097053
1096863
1096827
1096699
1096694
1096693
1096692
1096690
1096683
1096663
1096401
1096400
1096164
1095865
1095846
1095844
1095783
1095781
1095780
1095702
1095657
1095640
1095637
1095522
1095493
1095475
1095280
1095212
1094576
1094357
1094342
1094272
1088802
1088675
1085014
1085013
1084168
1083609
1083111
1082859
1081406
1081257
1081073
1081020
1080876
1080380
1080269
1080178
1080070
1080026
1080010
1080009
1079899
1079788
1079633
1078102
1073826
1073682
1073589
1072717
1065006
1059239
1059218
1058609
1058474
1058471
1058468
1058382
1057723
1057298
1057216
1057138
1057032
1056863
1056797
1056436
1056198
1056195
1056101
1055915
1055906
1055902
1055750
1052959
1045951
1042323
1041915
1041482
1041393
1041230
1041164
1041090
1041087
1041086
1040969
1040956
1040551
1039886
829592
825700
825408
818924
817495
816321
815483
815481
815477
815475
815474
815473
815472
815470
815469
815468
815467
815464
815463
815462
815460
815459
815458
815456
815455
814754
814738
814737
814710
814319
814314
813254
812986
812247
812187
812044
811825
811420
810871
810869
810866
810865
810864
810837
810826
810788
810615
810614
810527
810526
810525
810421
810335
809237
809231
809002
808997
808913
808910
808873
808872
808824
808787
808386
808385
808384
808383
808382
808254
808182
808154
808144
808121
808092
807988
807962
807894
807749
807696
807659
807497
807140
807138
807108
807101
806879
806840
806835
806614
806533
806515
806418
805719
801708
791739
785134
785133
785132
781770
779697
779267
775698
773955
770025
769337
769334
769283
768969
767265
767233
766531
766489
766488
766372
765820
765302
765299
765274
241986
241179
240145
239618
239605
239255
239059
238897
238408
238323
238320
237835
237834
237831
237828
237822
237323
186348
184498
181890
180499
176120
176094
175620
175582
175006
173009
172275
172102
171818
171817
171816
171755
171754
171753
171752
171750
171749
171748
171747
171746
171745
171744
171741
171740
170905
170760
169938
169729
169640
169428
169309
168120
167666
167644
167627
167452
167451
167450
167449
167200
167139
166796
166634
166559
166446
166409
133315
132648
132645
130041
130031
130030
129924
129662
129630
129629
127661
127660
127418
127333
127236
127231
127013
126645
126557
126552
126357
126356
125548
125533
125447
125438
125437
125176
125175
124702
124625
124623
124409
124237
124180
57673
56147
55947
55090
52287
52141
51467
50754
50448
50262
50261
49215
48435
2052
2051
2050
2049
2048
2045
2039
2038
2036
774
348
1224651
1178515
1178513
1178244
1178243
1173404
1173403
1162142
1162141
1162135
1143684
1135095
1135094
1101788
1058453
805852
237650
173920
52315
1094386
1173933
1171527
1152784
1139220
1139206
1138206
808863
49599
49593
49584
49580
49573
49561
1223615
1167124
1097228
820083
238823
1134989
1079570
1096613
1059825
1057747
1144298
1041049
1173378
1143212
1135083
1094442
1134807
1173563
1154154
1152765
1152760
1143583
1143582
1139181
1139172
1139166
1101350
806341
806320
49864
48975
48966
48958
48957
48947
48945
48944
1226130
1223613
1223612
1220294
1220290
1157067
1145598
1145597
1145596
1145595
1145594
1145593
1145592
1145591
1145590
1145588
1145586
1145585
1143704
1140097
1096357
1083476
806991
806990
806988
772384
49262
1096088
1056193
1184986
1184984
1173620
1173619
1173618
1145846
1144176
1144174
1144170
1199290
1170756
1146897
1144871
1143681
1141033
1141031
1139866
1136480
1136475
1136473
1134803
1134802
1096251
1094739
237371
1171366
1154149
1152968
1152752
1140937
1137833
1137832
1137829
1136132
1136131
1131651
1131629
1131625
1097930
1093658
1093657
1093656
1093655
1093652
1093651
1093650
1093649
1093648
1093647
1079471
1079470
1079469
1079466
1039907
805652
805651
805649
805648
805647
236820
180610
180608
165871
125872
124200
49552
1233434
1233432
1157062
1099961
1093835
817133
817132
817129
817128
10308682
805420
1152146
1145447
1138594
1137422
1130608
1096279
1095485
1094366
1092827
1079693
1079657
1097971
1073005
1057105
1167277
1161743
1145577
1145576
1145573
806987
1173269
1173264
1145837
1145828
1138215
1138214
169439
1173230
1161466
1161465
1154139
1152743
1143580
1143574
1125903
1125902
1097038
1092450
808796
236088
48908
1207609
1207608
1207604
1145190
1107776
1082067
807840
807839
807837
124010
54864
1636
1166236
1128581
773634
773626
165408
165407
1173629
1169765
1094441
238051
11636697
1243549
1243119
1243116
1243110
1242793
1239846
1239845
1238941
1238813
1238809
1238568
1237791
1236325
1235769
1235767
1233469
1230491
1229976
1229227
1229150
1228697
1228690
1228689
1228215
1226895
1225214
1225213
1225209
1225206
1224418
1223379
1223374
1222365
1221205
1221203
1221198
1221195
1221193
1221191
1221188
1221187
1221183
1221180
1220507
1219483
1219482
1219481
1219480
1219479
1215259
1215254
1215023
1215019
1215018
1215017
1214553
1214549
1214471
1214465
1212117
1209990
1209982
1209980
1209979
1209970
1209417
1209410
1208536
1208531
1208530
1208529
1208527
1208526
1205672
1205670
1205669
1200959
1197908
1196176
1196174
1195517
1195268
1191517
1190969
1190967
1190707
1190699
1190007
1189331
1189330
1189319
1189318
1186771
1185933
1185932
1185918
1185917
1184566
1184148
1184146
1184143
1183867
1183675
1183671
1183105
1182083
1181701
1181699
1181695
1181689
1181688
1181686
1181685
1181684
1181683
1181682
1181680
1181679
1181618
1181327
1180719
1180652
1179801
1179488
1179481
1179479
1178635
1178634
1178266
1177515
1177511
1177510
1177197
1176621
1174273
1174254
1173816
1173679
1173564
1173480
1173287
1172309
1172056
1172028
1171616
1171458
1171261
1171156
1170528
1170454
1170453
1169271
1168871
1168702
1168585
1167204
1167143
1167135
1167134
1166438
1166437
1166270
1165701
1165700
1165699
1165698
1165697
1165696
1165695
1165694
1165693
1165586
1165585
1165584
1165231
1165230
1165229
1165228
1165201
1164309
1164307
1164017
1163972
1163180
1163178
1163166
1163163
1163120
1163119
1163118
1163117
1163116
1163113
1163107
1162971
1162738
1162737
1162733
1162484
1162478
1162474
1162462
1162459
1162457
1160473
1160472
1160471
1160369
1160276
1160266
1160265
1160237
1159932
1159671
1159656
1158961
1158537
1157197
1157196
1157180
1156324
1155918
1155916
1155871
1155429
1155400
1155119
1154939
1154938
1154754
1154751
1154750
1154741
1154729
1154716
1154715
1154710
1154625
1154618
1154614
1154613
1154608
1153415
1153279
1152289
1152288
1152287
1152286
1152254
1152166
1152155
1152153
1152149
1152148
1152139
1152137
1152133
1151933
1151423
1151342
1151293
1151130
1151018
1150385
1150374
1150372
1150112
1148815
1148651
1148647
1147774
1147773
1147692
1147691
1147689
1147338
1147331
1146520
1145643
1145533
1145530
1145511
1145167
1145030
1144282
1144240
1144239
1143720
1143719
1142731
1142727
1142722
1142685
1142678
1142669
1142664
1142054
1142051
1142035
1141786
1141756
1141722
1141719
1141653
1141273
1141258
1140925
1140846
1140607
1139279
1139278
1139277
1139120
1139116
1139027
1138840
1138648
1138647
1138646
1138645
1138640
1138636
1138635
1138625
1138608
1138607
1138606
1138605
1138604
1138595
1138588
1138587
1138584
1138538
1137901
1137892
1137254
1137253
1136672
1136671
1136670
1136669
1136466
1136463
1136459
1136435
1136083
1135655
1134896
1134894
1134887
1134872
1134698
1134110
1133494
1133170
1132640
1132592
1131796
1131795
1130930
1130924
1130923
1130585
1130455
1130386
1130385
1130292
1130272
1129686
1129681
1129677
1129675
1129221
1127999
1127789
1127785
1127784
1127548
1127546
1127538
1127524
1127246
1126228
1126221
1125992
1124816
1108857
1107926
1107180
1105344
1105343
1105100
1103931
1103771
1103518
1103453
1103450
1103400
1103397
1103396
1102974
1102973
1102749
1102451
1102449
1102271
1102190
1102088
1101624
1101385
1100972
1100971
1100970
1100969
1100968
1100967
1100966
1100965
1100964
1100963
1100962
1100961
1100960
1100959
1100958
1100957
1100956
1100955
1100953
1100952
1100951
1100950
1100949
1100948
1100818
1100671
1100592
1100590
1100589
1100588
1100552
1099850
1099374
1099373
1099372
1099371
1099331
1099328
1099296
1099020
1098802
1098574
1098452
1098446
1098445
1098335
1098038
1097580
1097578
1097347
1097013
1096836
1096735
1096689
1096688
1096687
1096592
1096590
1096438
1095939
1095801
1095636
1095537
1095524
1095482
1095481
1095273
1095271
1095248
1095143
1095107
1095049
1094972
1094969
1094961
1094958
1094880
1094831
1094829
1094828
1094736
1094573
1094398
1094377
1094356
1094126
1094076
1094074
1094072
1094054
1093921
1093563
1093504
1093422
1093394
1093376
1093375
1092918
1092826
1092556
1092532
1092510
1088739
1088735
1088734
1088733
1081270
1081158
1081072
1080862
1080859
1080601
1080598
1080591
1080579
1080481
1080358
1080354
1080214
1080200
1079943
1079811
1079809
1079782
1079741
1079699
1079692
1079596
1079176
1077083
1077082
1070039
1061457
1061456
1061454
1056962
1055983
1055977
1055821
1055818
1055769
1055458
1055210
1055205
1055204
1046248
1040742
1040739
1040718
1040575
1040456
1039323
829496
818832
818831
817489
814087
813170
811797
811735
810992
809936
809832
809609
809608
809484
809483
809408
808922
808920
808919
808918
808502
808454
808381
808098
808094
808093
808058
808056
808055
807986
807915
807888
807758
807757
807616
807554
807133
806904
806761
806627
806611
806570
806527
806522
806520
806399
806397
806327
806326
806273
806246
806245
806053
806046
805817
805815
805814
805812
805797
805224
805208
805061
801929
801928
787963
778778
775815
775790
773293
773291
773290
772402
768618
765991
765918
765273
765270
241446
241201
240053
239591
239505
239234
238166
238127
237928
237820
237800
237600
237599
237421
236400
236107
179227
178015
175037
174127
174126
172843
172686
172002
170879
170662
170442
169596
169595
169329
168766
167899
167025
166754
166564
166561
166191
166118
166116
165982
165724
165052
165028
164811
131507
129747
129734
129733
128935
128890
126853
125985
125804
125710
125514
125483
125482
125480
125360
125063
124723
124722
124631
124616
124558
124324
123874
123848
123716
51841
50681
50187
49867
49246
49163
48529
47908
1215187
1215181
1148670
1148664
1148660
1148659
1148656
1148653
1144865
1136122
1135727
1097030
807287
806822
806160
168636
48888
48877
48865
48864
48850
48845
48834
1241475
1152803
1145562
1136080
1096355
807822
807813
806132
773001
1124117
1124115
1124109
1091858
1057099
1057098
1173186
1173185
1136014
1135063
1134470
1091760
1057305
1215168
1173218
1167290
1152719
1152718
1145387
1143566
1125564
1125556
814533
806978
806977
49119
48815
48813
48793
1128442
1093833
1093832
807800
807799
168479
1091754
1128565
1128564
1128559
1128554
1093021
1093020
48191
236414
1136009
1135052
1135047
1134465
1091758
1079561
806062
237262
1215864
1173229
1143160
1143155
1143154
1135724
1131605
1125890
1125887
807019
806770
49507
49485
49484
49468
1176782
1176781
1134322
1134321
1128821
1060271
1057309
1057308
124400
1195652
1173191
1171534
1156330
1146310
1144851
1144850
1134945
1126143
1124097
1101107
1091855
1079988
1040260
805109
1222669
1222667
1222666
1173273
1099490
1092941
1057738
1161735
1040295
1173155
1173153
1134462
1094437
1094260
1091753
1173249
1168894
1147812
1140345
1132244
1130901
1130762
1130756
1126208
1097806
1093481
1093326
1092773
1092631
1092535
1091658
1091559
1091349
1088761
1078808
1052669
1171287
1153314
1153309
1152789
1152710
1152707
1136106
1132970
1131538
1131530
1131527
1095943
1094673
1094672
1080297
806159
124192
48767
48765
48757
48740
1173454
1124393
805948
805945
124394
49013
1117953
1117944
1117943
1128103
1054996
1096714
1173143
1173140
804572
770111
1169746
1146157
1146156
1138392
1131587
1131572
1125913
1096444
1096443
1079465
807018
805625
167267
48700
48687
1134308
806772
805939
805694
769358
1173119
16566087
11630665
1243738
1243737
1243706
1242537
1242309
1242093
1241750
1241725
1239973
1239682
1238458
1237756
1237059
1236972
1236968
1236966
1236937
1236868
1234367
1234366
1234365
1234361
1234355
1233032
1230759
1230050
1230049
1230048
1230047
1230046
1230045
1230044
1230043
1230039
1229766
1229764
1229763
1229762
1229761
1229740
1229738
1229698
1229689
1229688
1229026
1229024
1229023
1229012
1229011
1229010
1228402
1227595
1227585
1225240
1225198
1225164
1225163
1225162
1225158
1225147
1224891
1224890
1224685
1224681
1224367
1224206
1223092
1220577
1220576
1220573
1220570
1220569
1220568
1220567
1220566
1220565
1220563
1220062
1219967
1219692
1219691
1219585
1219455
1219452
1219451
1219405
1219166
1217819
1217818
1215417
1214663
1214656
1214025
1212808
1212788
1212781
1212772
1212769
1211319
1211147
1210912
1210910
1210909
1210908
1210906
1210905
1210902
1210901
1210900
1210899
1210268
1210262
1210236
1210106
1205263
1205262
1205260
1205258
1205256
1205252
1205251
1205248
1205244
1205243
1199207
1199206
1199205
1198264
1198263
1198256
1197990
1195003
1194681
1194677
1190813
1189262
1188352
1188351
1188347
1184554
1184551
1184125
1184122
1183667
1183394
1182008
1181993
1181101
1181097
1179297
1179082
1178641
1178178
1177746
1177227
1176618
1176613
1176611
1174260
1174021
1173955
1173709
1173708
1173707
1173698
1173694
1173685
1173200
1172021
1171632
1171335
1171330
1171162
1170807
1170761
1170444
1170441
1170436
1170435
1169654
1169293
1168991
1168734
1168683
1168678
1167020
1166567
1164926
1164774
1164768
1164761
1164297
1164296
1164294
1163346
1162750
1161556
1160934
1160933
1160932
1160931
1160244
1158766
1158511
1158509
1156009
1156002
1155862
1155763
1155758
1155755
1155691
1155688
1155506
1155096
1155072
1155061
1155060
1155051
1154598
1154573
1154560
1154249
1153957
1153377
1153062
1152395
1152387
1152382
1152331
1152330
1151454
1151412
1151336
1151332
1151178
1151177
1150441
1150440
1150065
1149979
1149572
1148877
1147804
1147782
1147593
1147586
1147537
1146799
1146513
1146414
1146413
1146410
1146407
1146404
1146264
1146263
1146255
1146137
1146125
1146116
1146101
1145410
1145405
1145402
1145308
1145307
1145306
1145304
1145024
1144931
1144924
1144804
1144803
1144802
1144798
1144797
1144796
1144795
1144777
1144751
1144742
1144660
1144335
1144318
1144275
1144274
1144273
1144272
1144008
1144007
1144005
1142958
1142956
1142578
1142465
1142460
1142459
1142415
1142410
1142407
1142406
1141368
1141361
1141351
1141350
1141310
1141300
1141299
1141296
1140828
1140737
1140725
1140692
1140690
1140604
1140603
1140602
1140601
1140600
1140598
1139841
1139821
1139820
1139816
1139731
1139729
1139721
1139626
1139625
1139377
1139288
1139284
1139283
1139140
1139136
1139132
1139088
1138149
1137682
1137472
1137257
1137209
1136955
1136952
1136949
1136948
1136947
1136945
1136944
1136201
1136077
1135692
1135631
1134855
1134828
1134001
1134000
1133985
1133982
1133968
1133909
1133908
1133907
1133674
1133669
1132932
1132755
1132754
1131986
1131086
1131009
1130999
1130991
1130885
1130869
1130814
1130811
1130807
1130763
1130761
1130760
1130759
1130750
1130596
1130569
1130445
1130424
1130423
1130402
1130028
1129898
1129893
1129886
1129633
1128989
1128493
1128490
1128486
1128302
1127807
1127261
1127260
1126817
1126806
1126728
1126453
1126213
1126212
1126207
1126206
1126200
1125795
1124514
1124513
1124220
1124176
1124173
1123311
1123254
1123253
1123030
1123028
1123024
1122610
1122597
1122588
1122587
1122490
1120642
1120640
1120639
1119372
1117936
1117935
1115299
1108540
1108539
1108535
1108532
1108530
1108402
1108393
1108392
1105733
1104203
1103925
1103811
1103776
1103749
1102765
1101580
1101578
1101338
1100272
1099444
1099443
1098496
1098495
1098461
1098383
1098330
1098291
1098187
1098031
1097822
1097816
1097677
1097553
1097470
1097453
1097300
1096810
1096809
1096803
1096657
1096630
1096622
1096535
1096485
1096467
1096465
1096463
1096460
1096458
1096437
1096311
1096244
1096243
1096184
1096149
1095749
1095748
1095478
1095447
1095278
1095208
1095207
1095111
1095021
1094876
1094867
1094866
1094824
1094823
1094164
1094099
1093983
1093982
1093942
1093897
1093591
1093536
1093511
1093497
1093494
1093460
1093397
1093308
1093111
1092996
1092921
1092884
1092879
1092874
1092776
1092775
1092774
1092772
1092770
1092767
1092534
1092446
1092444
1092440
1092430
1092020
1091594
1091564
1091561
1091556
1090834
1090833
1084981
1084731
1082960
1082208
1081480
1081470
1081390
1080818
1080542
1080479
1080378
1080185
1079863
1079733
1079691
1079531
1079447
1079291
1079017
1077078
1074204
1073554
1073157
1062018
1061830
1060919
1059403
1057296
1057200
1056815
1056647
1056602
1056580
1056493
1056490
1056302
1056300
1056158
1056098
1056095
1055895
1055887
1055809
1055807
1055656
1055511
1055188
1055029
1054822
1054817
1054620
1052668
1052665
1052377
1052374
1043800
1041218
1040683
1040676
1040580
1040576
1040434
1040429
1040427
1040230
1039992
1039819
1039555
1039271
1038972
1038828
829661
820282
820281
817670
816591
812406
811732
811730
811442
810353
809945
809481
809479
809031
808143
807959
807879
807878
807874
807052
806973
806918
806885
806688
806489
806318
806244
806239
806238
805596
805585
805575
805556
805536
805535
805471
805254
805193
805189
805188
805185
805152
805035
805032
805025
804451
804445
804443
801328
801269
781608
779672
779332
773286
773005
772871
770024
765696
241591
241275
241269
240957
239587
239584
239583
239492
238280
238038
237449
237448
237446
237056
236983
236738
236710
236654
236645
236597
236251
236153
180912
172840
172593
170436
170434
170315
169631
168564
168383
167583
167410
167393
167334
166598
166583
166580
166511
166232
166152
166053
165872
165720
165718
165638
165453
165452
165244
165044
165023
163965
163964
150825
128963
128962
128961
127227
127224
127217
126815
126814
126811
126541
126540
126527
126286
126281
126274
126250
125689
125681
125249
125214
124999
124872
124563
124544
124531
124396
124360
124328
124202
124138
124137
124131
123967
123835
123639
123519
57010
50669
50662
50059
49980
49843
49449
49448
49353
49164
49162
49044
48349
48329
47148
28705
3905
1145545
1128650
1128649
1096354
1093035
806069
1145822
1145820
1143690
1134456
1091749
1079057
804571
1143836
1153288
1152704
1152699
1146153
1146150
1146147
1138385
1138381
1125722
175477
1173280
1128451
1096715
1057821
1057818
1056734
1129170
1039674
235092
1128081
1128080
1173118
1145810
1129211
1222228
1243601
1171945
1161477
1161475
1131760
1125713
1125712
1096439
1092418
1079560
805653
240153
129853
47593
47591
47573
47555
47548
47544
1241193
1220274
1163052
805931
805926
805925
805924
1128656
1113823
1168833
1159302
1126035
1225492
1220343
1220341
1220340
1220336
1220335
1140715
1135474
1130067
1130064
1130063
1120736
1119503
1119499
1101443
1093328
1091149
806104
804464
1172985
124024
10237836
1079080
164645
1143538
1134938
1131549
1131540
1125105
1095941
1092311
1079635
48106
48089
48055
47752
47751
47750
1173282
1169044
1156274
1156259
1147495
1147143
1146384
1126169
1124888
1122425
1120879
1096799
1095826
1092823
1092157
1091978
1091555
1090399
1122840
1114347
1099395
1095901
1240448
1240434
1240367
1240362
1240361
1240357
1240352
1240351
1240350
1240349
1240348
1240347
1240338
1240337
1236920
1216885
1216884
1169387
1169386
1169385
1135799
1113801
1113797
1093147
1089885
1082519
1061851
1038689
47167
1134151
174204
174202
174201
1222661
1172962
1145798
1128476
1128472
1093157
1079333
235030
124012
48185
1143532
1137774
1129933
1129059
1093316
1091343
806444
804347
804346
48048
48030
48010
1057332
1055045
806791
1113787
1113781
803639
1128057
1092937
11615019
11614958
1242807
1240695
1238374
1238373
1238372
1238371
1237739
1237466
1234871
1234870
1234869
1233345
1231402
1227871
1227783
1227353
1227352
1226519
1224870
1224869
1224526
1224524
1224522
1224517
1224516
1224512
1224504
1224500
1223368
1222896
1221983
1221723
1221722
1221719
1221718
1221716
1221714
1221710
1221709
1221648
1221640
1221638
1219009
1218952
1218069
1216825
1216824
1216820
1216816
1216813
1216801
1216799
1216575
1216571
1216570
1216567
1216563
1216553
1215811
1213756
1213755
1213751
1212122
1212049
1212035
1211897
1210410
1210408
1209514
1208476
1208474
1205552
1205465
1204190
1201362
1197462
1197317
1197158
1194208
1194207
1191776
1191762
1189659
1189377
1189373
1189372
1189371
1188457
1188447
1187540
1186980
1185983
1185982
1185981
1185980
1185979
1185977
1185976
1185975
1185972
1185971
1185969
1185961
1184097
1182015
1180509
1180490
1179112
1179105
1179071
1179067
1178815
1178255
1178091
1177223
1177221
1177220
1176609
1176608
1176561
1176558
1175495
1175490
1173947
1173231
1173209
1173060
1172112
1171334
1171310
1171086
1170650
1170620
1170020
1169548
1169544
1169099
1168950
1168037
1168014
1167291
1166168
1166151
1165576
1164460
1164459
1162966
1162964
1162922
1162921
1162501
1162498
1162198
1162193
1161431
1161412
1159890
1158506
1156564
1156561
1156559
1156556
1156264
1156263
1156260
1154900
1154899
1154898
1154897
1154896
1154895
1154894
1154893
1154771
1154761
1154760
1154757
1154693
1154691
1154689
1154688
1154683
1152847
1152846
1152597
1152593
1152584
1152371
1152367
1152365
1152364
1152357
1152301
1150323
1149389
1148640
1148629
1148628
1147760
1147757
1147664
1147577
1147576
1147569
1147565
1147499
1147498
1147135
1146348
1145528
1145527
1145524
1145523
1145522
1145520
1145502
1145436
1145421
1145419
1145220
1144266
1144264
1144262
1144015
1143638
1142719
1142714
1142619
1141918
1141737
1141735
1141042
1140528
1140526
1140525
1140524
1139662
1139661
1139659
1138677
1138675
1138674
1138673
1137453
1137444
1137443
1136738
1135756
1135491
1134683
1134677
1134075
1134036
1133502
1132838
1132051
1131971
1131878
1131874
1131872
1131789
1131681
1131680
1131513
1131509
1131507
1131502
1130858
1130518
1130399
1130398
1130350
1130349
1130058
1130056
1130053
1130051
1129872
1129851
1129752
1129669
1129658
1129657
1129647
1129642
1129564
1129449
1129447
1128959
1128955
1128883
1127513
1127393
1127298
1127131
1127125
1127121
1127120
1127119
1127117
1126879
1126167
1125830
1125112
1124921
1124918
1124893
1124890
1124889
1124872
1124871
1124852
1124849
1124846
1124844
1124793
1124761
1124414
1124407
1124402
1124245
1124239
1124232
1124230
1123704
1123703
1123702
1123398
1123387
1123386
1123272
1123170
1123168
1123167
1123166
1123013
1122786
1122785
1122776
1122768
1122170
1122169
1122157
1122151
1121399
1121371
1121140
1120884
1120610
1120608
1120388
1120387
1120375
1120009
1119779
1119762
1119640
1119554
1119451
1119398
1118591
1117833
1117830
1117828
1117531
1117526
1117517
1117516
1117201
1117199
1117195
1117194
1117117
1116249
1116177
1116111
1115183
1115178
1114974
1108774
1108274
1106750
1105496
1104498
1104497
1104496
1103311
1102972
1102760
1102759
1102757
1101801
1100665
1100663
1099795
1099631
1099630
1099430
1099180
1099003
1098709
1098638
1098352
1098311
1098310
1098308
1098293
1097845
1097760
1097370
1097183
1097167
1097025
1097022
1097021
1096830
1096800
1096342
1096338
1096016
1095827
1095664
1095625
1095617
1095616
1095615
1095521
1095366
1094688
1094626
1094522
1093662
1093638
1093637
1093636
1093635
1093633
1093632
1093604
1093603
1093267
1093266
1093265
1093202
1093106
1093070
1092909
1092800
1092723
1092627
1092626
1092528
1092438
1092271
1092237
1092235
1092232
1092228
1092226
1092224
1092223
1092222
1092221
1092211
1091983
1091982
1091781
1091696
1091591
1091577
1091549
1091502
1091425
1091188
1091181
1091136
1091134
1090872
1090684
1090503
1082856
1081499
1081498
1081307
1080870
1080561
1080478
1080209
1079977
1079675
1079674
1079598
1079374
1079336
1079294
1079259
1079250
1079234
1079124
1078970
1078939
1077077
1075952
1074254
1073673
1072948
1072698
1072697
1064202
1064192
1058366
1058362
1057928
1057919
1057293
1057191
1055506
1055048
1054731
1054728
1054726
1054467
1054465
1054462
1054401
1052507
1041513
1041282
1040910
1039948
1039816
1039544
1039254
1039225
1038987
1038981
1038571
819685
819684
817469
816698
816697
816124
816122
813568
813406
813405
812545
811728
810857
810407
809824
809746
809352
807899
807762
807756
807755
806968
806551
806345
806269
805629
805628
805621
805457
805437
805400
805390
805165
805163
804981
804979
804854
804837
804836
804827
804826
804815
804770
804671
804411
804396
804391
804380
804288
804255
804251
804250
804046
804026
804022
803557
803098
802729
802488
778993
776608
775692
773137
773047
770217
769441
769440
768673
766554
766370
241719
239263
239262
238789
238711
238701
237527
236367
236335
236322
235867
235492
235080
235028
234994
234855
181300
178086
176851
175002
172915
171738
171737
171735
171733
171732
171730
171729
171727
170312
169794
168032
167324
167056
165863
165861
165860
165713
165711
165441
165040
164996
164992
164808
164806
164805
164804
164802
164800
164642
164588
164584
164499
164393
164144
164141
164116
164044
164032
163948
163674
162644
131282
131281
131280
131279
131277
130578
128594
128100
128099
128098
127749
127425
127302
127297
127295
127067
126470
125594
125248
125067
125066
124775
124654
124562
124407
124190
124158
123791
123753
123715
123658
123497
123460
123459
123457
123456
123455
123454
123306
56088
54239
53848
53847
52955
52840
52172
50469
49888
48404
47728
47405
1223730
1173078
1169802
1143202
1143201
1143200
1135979
1135471
1135469
1135467
1135462
1121471
1121469
1095907
1094506
1091921
1091747
1079916
164571
164000
1143140
1143137
1129919
1128715
1125682
1125678
1125677
1125669
1093315
1093047
806768
123811
123810
47528
47523
47517
47497
47490
1139592
1122824
1122813
1090004
805919
805916
1172814
1089881
1073858
1094348
1055952
175467
175466
1172956
1172954
1172946
1090916
1079307
804165
165394
163932
1089940
1168862
1145364
1136682
1136681
1122435
1122432
1094777
1092413
1092050
1091342
166543
47131
47130
47127
47124
47108
47082
47079
1057328
1135851
1113753
1113752
1113748
1113747
1038661
46586
1134135
1173699
1172822
1172816
1172812
1172808
1145791
1089819
1089818
163930
1118132
1220309
1215859
1174257
1171536
1168181
1161064
1161063
1160698
1160694
1154359
1154356
1129054
1125627
1125623
1120729
1119156
1119151
1119051
1119046
1080871
803899
769366
766162
164080
47981
47972
47967
47949
10241201
1121244
1110674
1038644
804164
802896
1128036
1055330
1055327
1179099
1176603
1143973
1138691
1130849
1130847
1124486
1119441
1118438
1115060
1113638
1113611
1102214
1100658
1093487
1092876
1091178
1091004
1089775
1078773
1215270
1216925
1172799
1172794
1172792
1172787
1169352
1169351
1169350
1169349
1118332
1118331
1090912
1090911
1089816
807345
803581
47620
1113827
1167661
1173560
1172935
1128345
1116092
1116090
1095113
1079926
1078783
164691
164690
164689
49206
47071
47061
47050
47048
47034
47031
47026
47016
1112209
1112205
1091100
1089519
804614
234370
48215
48214
1117901
163962
1091454
805325
123751
1173099
1173098
1173096
1135959
1135958
1090921
1132810
1243610
1242791
1242697
1242694
1242693
1242692
1242691
1242689
1241372
1236330
1229814
1229078
1227408
1226862
1226855
1225250
1222817
1220246
1219947
1219643
1218058
1215997
1215995
1215808
1213742
1213738
1213734
1213731
1212498
1209397
1208964
1208322
1208321
1206824
1199651
1198254
1196467
1196157
1189258
1187096
1185739
1185738
1185737
1185736
1184548
1184545
1181792
1181774
1181754
1179125
1179122
1177505
1177248
1177247
1177243
1177236
1176605
1176555
1176553
1176552
1174354
1174353
1174352
1173948
1173799
1173704
1173703
1173351
1173243
1173236
1173220
1172926
1172104
1171144
1170709
1170644
1170558
1170348
1169961
1169833
1169685
1169069
1168891
1168760
1168689
1168416
1168410
1168377
1168374
1168373
1168372
1168285
1167996
1167883
1167588
1167582
1167484
1166189
1166186
1166185
1166184
1166183
1166056
1165215
1163336
1162772
1162768
1162244
1162241
1162240
1160682
1160679
1160481
1158494
1158488
1158484
1156210
1155023
1154884
1154883
1154877
1154106
1154103
1154093
1154092
1154087
1154086
1154082
1153911
1153696
1153694
1153387
1152580
1152579
1152578
1152577
1152576
1152575
1152128
1152120
1152118
1152116
1151089
1151086
1147862
1147860
1147659
1147656
1147650
1147542
1147541
1146848
1146293
1146213
1146212
1146201
1146200
1146095
1146092
1146085
1146053
1145600
1145243
1145240
1145096
1145091
1145090
1145089
1144783
1144782
1144781
1144780
1144158
1143985
1143981
1143976
1143928
1143612
1142610
1142606
1139764
1139748
1139746
1139709
1138750
1138736
1138660
1138659
1138657
1138450
1138449
1137804
1137387
1137386
1137382
1137376
1137283
1137074
1137065
1136599
1136426
1136288
1136285
1136254
1136246
1134775
1134772
1134762
1134645
1134516
1133950
1133869
1133862
1133049
1133036
1133032
1133022
1132793
1132792
1132790
1132787
1132785
1132732
1132054
1131933
1131932
1131921
1131919
1131918
1131123
1130853
1130769
1130622
1130173
1129777
1129607
1129606
1129543
1129542
1129540
1129130
1129129
1129022
1128934
1128933
1128792
1128525
1128522
1127860
1127859
1127858
1127857
1127856
1127855
1127854
1127853
1127852
1127851
1127850
1127848
1127847
1127749
1127740
1127374
1127371
1127292
1127259
1127256
1127254
1127253
1126851
1125615
1125591
1125589
1124747
1124629
1124626
1124519
1124462
1124461
1124460
1124391
1124387
1124386
1124385
1124384
1124383
1124188
1123815
1123444
1123262
1123261
1123259
1122374
1122367
1122365
1122357
1122093
1122090
1122086
1121999
1121994
1121973
1121966
1121959
1121901
1121848
1121847
1121846
1121845
1121838
1121833
1121827
1121818
1121811
1121785
1121784
1121774
1121772
1121676
1121613
1120441
1120284
1120278
1120277
1120061
1119880
1119833
1119788
1119758
1119750
1119748
1119747
1119746
1119745
1119743
1119685
1119672
1119669
1119668
1119667
1119536
1119480
1119148
1119147
1119141
1119101
1119034
1119031
1119020
1119012
1119009
1118993
1118989
1118981
1118979
1118891
1118763
1118571
1118560
1118449
1118434
1118430
1118422
1118418
1118204
1118203
1117777
1117763
1117737
1117678
1117673
1117662
1117660
1117657
1117591
1117507
1117499
1117498
1117493
1116838
1116751
1116750
1116739
1116580
1116316
1116057
1116052
1115637
1115628
1115505
1115493
1115492
1115466
1115424
1115166
1115061
1115045
1115042
1114997
1114958
1114940
1114933
1114106
1113734
1113724
1113650
1113648
1113646
1113636
1113633
1113632
1113631
1113610
1113608
1113245
1113230
1113221
1113180
1112858
1112841
1112760
1112461
1112137
1111931
1108191
1106096
1105096
1104983
1104681
1104211
1103512
1103256
1103252
1103043
1102217
1101344
1100660
1100659
1100657
1100584
1100583
1100582
1100574
1099880
1099862
1098627
1098306
1098229
1098059
1097855
1097854
1097853
1097852
1097851
1097842
1097601
1096474
1096453
1096451
1096448
1096388
1096360
1096307
1096122
1096035
1096034
1096029
1095503
1095502
1095500
1095231
1094940
1094788
1094408
1094284
1094283
1094282
1094197
1094174
1094172
1094171
1093640
1093639
1093598
1093566
1093501
1093477
1093351
1093242
1093191
1093052
1093051
1092984
1092907
1092766
1092765
1092694
1092557
1092242
1092176
1092172
1092152
1092110
1092107
1092102
1092101
1092071
1092067
1092062
1091848
1091819
1091675
1091570
1091389
1091388
1091387
1091386
1091384
1091383
1091382
1091381
1091380
1091256
1091184
1091067
1091066
1091065
1091061
1091047
1090780
1090762
1090761
1090482
1090404
1090354
1090349
1090228
1090221
1090173
1090159
1090147
1090145
1090022
1090018
1090016
1089975
1089622
1089620
1089613
1089612
1089505
1081269
1080615
1079983
1079890
1079652
1079616
1079583
1079566
1079393
1079275
1079258
1079257
1079218
1079109
1079105
1078888
1078798
1078673
1076003
1075009
1073990
1073547
1073532
1071908
1067999
1062008
1061451
1061064
1059292
1059291
1059165
1056434
1056431
1056429
1055706
1055501
1055486
1055484
1055483
1055482
1055481
1055468
1055261
1055126
1055125
1054884
1054359
1054308
1054222
1054146
1054143
1054102
1054101
1054079
1053690
1048994
1048992
1046687
1046686
1046683
1040093
1040084
1039238
1039218
1039217
1038954
1038630
1038625
1038597
1038341
1038318
1038317
1038103
818830
817461
814869
811726
811723
811722
811719
811437
811435
811432
809831
809826
809475
809406
809405
808045
807976
807863
807702
807230
807166
807105
807104
807021
807003
806883
806700
806499
806419
806343
806057
805825
805453
805315
805312
805184
805183
805182
805023
805021
804994
804831
804817
804813
804802
804790
804722
804566
804367
804366
804365
804364
804363
804294
804285
804278
804277
804275
804204
804199
804077
804076
804045
803978
803927
803890
803876
803861
803804
803764
803759
803757
803704
803561
803465
803434
803408
802880
776650
776102
776101
776094
775850
775849
769342
765713
764890
242153
242152
242151
239230
238046
237740
236837
236724
236532
236343
235822
235810
235790
235342
235168
235158
235109
234705
234696
234531
234472
176827
176826
176823
173005
171605
170621
170311
170310
167708
167573
167497
167424
167362
166906
166421
166137
165905
165792
165644
165606
165573
165571
165536
165241
164751
164748
164747
164733
164578
164568
164419
164361
164310
164309
164179
164167
164154
164134
164076
163942
163850
163848
163430
163423
163305
163273
163223
129668
127205
127043
126939
125500
124991
124990
124921
124914
124697
124689
124566
124523
124449
124367
124366
124295
124292
124227
124225
124222
124220
124122
124045
124044
123987
123905
123900
123704
123686
123683
123659
123569
123489
123475
123450
123449
123447
123435
123380
123321
123213
123154
123123
123116
123087
58489
51846
51845
50260
49930
49915
49842
49113
48384
48295
48271
48267
47882
47790
47674
47663
47648
47380
47284
47278
47233
47205
47156
46990
46974
46962
46955
46953
46600
46192
3072
3067
3066
3065
760
759
1226233
1121892
1121691
1119165
1118826
1116470
1116469
1113915
1095928
1095202
1092028
1091101
1079429
1054237
804649
804644
235806
1113829
1089891
1089888
1128145
1128143
1128139
1055948
175456
175455
175454
1134476
1130242
1172760
1118355
1118352
1113913
162966
1114000
1089944
1129115
1128413
1128380
1124382
1119087
1119083
1115957
1111884
1091970
1091085
164082
48665
48654
48644
48625
48624
48618
48611
48610
1166203
1166202
1124047
1124046
804637
804636
241113
234838
1110733
1110725
1110722
169589
1226197
1172865
1172860
1172855
1114132
803584
234545
1133485
1133483
163464
163463
1221179
1221178
1221177
1146891
1146885
1132214
1129105
1129104
1128404
1128402
1119080
1119076
1118048
1114414
1114412
1112368
1091084
1089996
1082957
1055356
815707
123164
46575
46566
46561
46551
46525
46519
46518
46511
46510
1242297
1124039
1121261
1116450
1091807
1089916
1079304
804118
804116
804113
804110
804109
804108
804105
234836
169587
164615
163483
47603
1117966
1114077
1114076
1114075
1113579
1167956
1167885
1129699
1123158
1122191
1118094
1117188
1116390
1111686
1110993
1092295
1092006
1091600
1090947
1090271
1078913
1129571
1129568
1129567
1093252
1172850
1172841
1170384
1170381
808355
234186
1173010
1172770
1129098
1128726
1119065
1119063
1112687
1109749
1109748
1109744
1093129
1093127
1089034
1079302
1039539
47208
46497
46485
46480
46476
46460
46457
46449
46448
1124034
1089196
1222638
1222636
1091443
1215313
775281
1172834
1172831
1172827
1136047
1123180
1118159
1238923
1237052
1233353
1229970
1228668
1228225
1226945
1226932
1226913
1226882
1225879
1217631
1216544
1216539
1216537
1216536
1216535
1216534
1216533
1216530
1216529
1216528
1216526
1216521
1213722
1213721
1204170
1189223
1189217
1189214
1189213
1189205
1187579
1186065
1186064
1186063
1186062
1186061
1186059
1186056
1186053
1186045
1184095
1184093
1179089
1177211
1177207
1176602
1176601
1176599
1176597
1176166
1173956
1173777
1173276
1173226
1173225
1173224
1173223
1173222
1173196
1173063
1173036
1173008
1172941
1172925
1172766
1170820
1169908
1168687
1168408
1168392
1168236
1167986
1167985
1167917
1167886
1167814
1167643
1167613
1167580
1167476
1167397
1167390
1167011
1167009
1166178
1166050
1166049
1165009
1164465
1164277
1164275
1162758
1160479
1160204
1160203
1160195
1154872
1154871
1154869
1154866
1154864
1154861
1154860
1154859
1154838
1154837
1154833
1151913
1151519
1151401
1150313
1148119
1147735
1145323
1145289
1145276
1145271
1145267
1145257
1145256
1144251
1144012
1142992
1142988
1142985
1142984
1142835
1140555
1136409
1136396
1136394
1136385
1136384
1136383
1136379
1136307
1136306
1136305
1134088
1133473
1133078
1131328
1131050
1130818
1130816
1130654
1130390
1129696
1129582
1128910
1128384
1127835
1127834
1127482
1127415
1127288
1127194
1126842
1126750
1125748
1125747
1125129
1124980
1124954
1124755
1124710
1124623
1124620
1124617
1124526
1124478
1124476
1124473
1124472
1124471
1123887
1123876
1123875
1123874
1123873
1123872
1123871
1123868
1123588
1123129
1123118
1122923
1122100
1121608
1121482
1121342
1121301
1121169
1120714
1120438
1120341
1120273
1120265
1119794
1119793
1119792
1119679
1119673
1119564
1119455
1119453
1119383
1119379
1119043
1118810
1118807
1118805
1118758
1118754
1118412
1118411
1118403
1118210
1118208
1118166
1117813
1117812
1117576
1117575
1117573
1117572
1117571
1117570
1117569
1117568
1117567
1117566
1117565
1117564
1117563
1117562
1117561
1117560
1117559
1117558
1117557
1117556
1117555
1117554
1117553
1117552
1117551
1117550
1117549
1117548
1117547
1117546
1117545
1117544
1117543
1117542
1117541
1117540
1117395
1117390
1117385
1117023
1117021
1116959
1116796
1116786
1116671
1116519
1116408
1116406
1116398
1116394
1116187
1116185
1116184
1115905
1115902
1115615
1115614
1115549
1115517
1115459
1115458
1115448
1115311
1115307
1115198
1115159
1115156
1115154
1115073
1115071
1115069
1115037
1114953
1114820
1114819
1114811
1114810
1114807
1114653
1114649
1114554
1114287
1114153
1114150
1114145
1114041
1114032
1113547
1113457
1113421
1113264
1113018
1112764
1112763
1112705
1112703
1112701
1112700
1112699
1112698
1112616
1112614
1112534
1112533
1112532
1112531
1112530
1112529
1112528
1112527
1111781
1111778
1111769
1111768
1111707
1111703
1111700
1111699
1111453
1111406
1111405
1111388
1111308
1111307
1103435
1102771
1102436
1102187
1100652
1100651
1100034
1099002
1098305
1098304
1098303
1098301
1098300
1097612
1096842
1096841
1096840
1096121
1096055
1096052
1096045
1095927
1095926
1095925
1094950
1094584
1094407
1094193
1094013
1093661
1093560
1093124
1093123
1093105
1092920
1092859
1092717
1092714
1092615
1092423
1092291
1092243
1092155
1092154
1092099
1092093
1092008
1092001
1091974
1091776
1091772
1091606
1091270
1091207
1091206
1091204
1091141
1091080
1091079
1091078
1091041
1091015
1091013
1091011
1090897
1090896
1090870
1090789
1090770
1090718
1090685
1090556
1090480
1090479
1090290
1090272
1090183
1090091
1090052
1089831
1089815
1089706
1089703
1089682
1089681
1089623
1089497
1089483
1089482
1089469
1089377
1089220
1079649
1079647
1079369
1079368
1079125
1079096
1078934
1078921
1078745
1078649
1077445
1072794
1061181
1057720
1057404
1057403
1057397
1056633
1055873
1055864
1055780
1055256
1055255
1054893
1054456
1054454
1054448
1054445
1054409
1054389
1054381
1054108
1054061
1054060
1054057
1053850
1053837
1040537
1039837
1039349
1039347
1039346
1039331
1039329
1039027
1038790
1038566
1038545
1038428
1038426
1038376
1038368
1037944
1037770
1037769
1037750
1037729
820233
815997
814082
812544
809470
809468
809467
809466
809030
809029
809028
809027
809025