610000
609819
609811
600382
593449
563992
563979
416504
416421
414139
304689
598988
598300
593229
204487
412099
337142
347339
607920
604729
600905
343771
342889
74981
24205
600519
600516
245494
600767
593448
589415
589413
564570
416503
415408
345488
74775
74763
74728
74727
74720
595607
414105
206968
927454
337139
337137
605344
579217
579216
579208
417840
144805
609979
609977
589347
579324
413189
345486
303933
273308
73987
73976
73965
73957
73953
73952
614396
600305
600304
593227
563977
563976
356470
303982
204052
204051
204050
204049
204048
204047
917100
917098
917097
611052
610742
605637
605633
605614
605290
605260
604327
602340
602286
600458
595615
564534
412996
343198
342466
342465
341410
338341
338340
305328
22249
272575
272574
272567
73634
596933
595194
595192
595191
595190
579201
579199
413234
411948
21973
607507
605480
594988
589332
589322
589314
589302
589300
343275
305121
201023
73920
73919
73918
73917
73916
73912
590111
579643
917082
600452
593929
590901
562475
243834
592931
604965
578881
578877
340188
335096
929133
929132
927573
611380
609965
609963
595301
562707
339200
338111
337472
73107
73100
73093
73090
73082
73068
73060
923458
593190
336323
336321
16218271
11627702
11627397
931638
931477
931471
931369
931221
931220
931219
931211
931185
931183
931182
930915
930897
930868
930844
930835
930800
929360
928726
928723
928703
928683
928681
928242
928241
928240
927766
927757
926813
926520
926277
926273
926263
926262
926174
926171
925838
925837
925833
925832
925827
925820
925810
925807
925753
925746
925381
925376
924836
924833
924427
924411
923323
923322
923313
923308
923210
923209
923208
922726
757825
757817
756236
754144
753935
617599
616628
615865
615591
615589
615587
615242
615241
615240
615169
614717
614694
614689
614680
614623
614617
614615
614606
614601
614479
614474
614363
614357
614033
614027
614019
614011
614002
613747
613294
613249
612432
612428
612425
612372
612118
611625
611110
610959
610891
610654
610254
610251
610250
610248
610083
610022
609879
609876
609559
609558
609557
609556
609554
609553
609552
609551
609550
609549
609548
609547
609546
609545
609507
609406
609399
609397
609252
609250
609237
609226
609225
609221
609219
609216
609214
609200
609199
609181
609135
608924
608796
608650
608211
608210
607985
607688
607679
607678
607649
607647
607645
607542
607535
607524
607196
607158
606885
606845
606842
606570
606337
606336
606335
606333
606332
606305
606183
606044
606043
605991
605989
605988
605987
605984
605980
605971
605919
605915
605806
605609
605608
605607
605579
605444
604995
604845
604844
604841
604834
604823
604782
604781
604767
604652
604645
604642
604641
604640
604639
604638
604636
604635
604634
604632
604606
604605
604604
604603
604602
604601
604576
604515
604513
604494
604407
604398
604175
603976
603751
603448
603445
603444
603179
602948
602618
602548
602543
602542
602541
602540
602539
602537
602528
602527
602352
602242
602217
602216
602172
602073
602071
602065
602051
602043
602001
601943
601936
601931
601872
601871
601870
601858
601735
601596
601580
601577
601576
601560
601559
601557
601556
601555
601554
601553
601552
601403
601387
601386
601384
601383
601380
601379
601233
601228
601226
600914
600913
600813
600710
600709
600610
600603
600358
600357
600325
600303
600302
600301
600273
599968
599910
599908
599886
599885
599880
599832
599763
599761
599661
599660
599659
599657
599653
599648
599581
599580
599540
599520
598994
598976
598958
598388
598064
597613
597377
597114
596968
596964
596963
596957
596944
596902
596706
596705
596700
596693
596549
596547
596546
596537
596536
596535
596533
596529
596396
596382
595590
595578
595232
594887
594883
594875
594874
594794
594038
594037
594031
594030
593744
593421
592913
592603
592602
592436
592076
592073
592065
592056
592001
591882
591790
591631
591630
591628
591534
591069
591068
591067
591061
591058
590745
589894
589891
589889
588499
588498
588113
588102
588098
588089
588087
587578
583601
580127
580069
580068
579651
579569
572875
565262
564982
564581
564374
563917
563916
563706
563689
563377
562866
418633
417025
416628
416622
416433
416253
415652
415512
415511
415177
414818
414816
414490
414399
414392
414355
414339
414165
413971
413920
413821
413819
413436
413392
413381
413372
413358
413206
413204
413200
413173
413013
413012
412943
412912
412861
412792
412787
412786
412778
412776
412635
412634
412489
412474
412473
412466
412412
411908
411722
411624
401396
400811
400810
400809
400808
400807
400806
400805
370002
351820
351819
350905
350223
350221
350217
349444
349189
348184
346478
346238
345695
345370
345269
344950
344819
344243
343802
343724
343723
343626
343588
343586
343498
343496
343495
343493
343492
343052
342754
342720
342719
342695
342542
342477
342171
342169
342110
342069
341961
341614
341613
341606
341605
341603
341558
341550
341508
341503
341453
341445
341405
341351
341350
341310
341120
341119
341074
341073
341069
340988
340987
340743
340401
340396
340387
339975
339827
339794
339793
339792
339791
339790
339383
339381
339379
339344
339222
339175
338625
338491
338487
338485
338143
338084
338025
337946
337917
337891
337890
337865
337794
337350
337196
337011
336915
336914
336858
336855
336804
336803
336802
336801
336797
336791
336788
336497
335245
335244
308047
307533
307532
305500
305493
305489
305207
305188
305026
305024
305022
304786
304470
304252
304203
303978
303897
303865
303813
303745
297929
289075
284443
281162
281158
281157
277000
276998
276995
276751
274127
274125
274119
274117
272485
272475
271789
271749
271682
271678
271231
270565
270528
270524
263824
246680
244979
244977
244314
243997
243908
243392
209377
208503
207251
206739
205064
204323
203181
203080
202354
202047
201911
201741
201688
201568
201214
201169
201040
200876
200682
200681
200675
162538
149373
148885
147463
147462
147461
147460
147459
147307
147306
146621
146304
146170
146016
145831
145737
145559
145446
145198
144747
122037
101608
101606
99793
97946
97945
97215
96537
79384
75594
74968
74885
74262
73553
72359
72358
45734
28338
26858
26041
24963
23658
23657
23629
23582
23076
22805
22595
22518
22493
22489
603987
601306
601290
600433
597395
597393
594977
563511
342179
339928
339093
11661776
11661513
595176
578862
335095
337212
927567
604938
604936
604929
595298
594853
589247
589236
589228
412249
339479
339374
338108
304251
73052
73021
73015
73011
73010
923456
923455
923450
607077
414092
414090
342868
303738
593606
335361
337009
272566
204044
204042
597086
578852
578845
410959
304571
303294
594969
594968
594964
594963
413209
918640
917143
607504
607180
603850
603832
595292
595288
595285
589206
589205
589189
589176
589166
564558
415291
412554
303926
203375
75535
72994
72993
72992
72989
72983
72959
72957
72953
23894
597827
591284
590102
914223
909568
600223
409951
340876
334661
333291
926941
926939
615916
615915
615914
615913
615912
615911
615910
204037
204030
920772
918932
918008
607606
605234
604205
602313
602213
595750
588231
588230
564101
411375
411374
411373
341545
339585
335566
201597
595159
578837
578833
578830
335092
917556
917553
562497
609953
600725
589155
589142
589140
589127
589119
556566
412553
341475
72950
72940
72916
72915
603885
593123
342096
144843
914213
914209
613826
604394
604393
595801
594959
339053
72036
273165
10324968
10306136
10306135
10306134
10306133
10305745
10305675
10297028
10236339
10236338
928200
592869
578912
578909
578904
578899
413229
335101
335100
917548
927559
918628
918617
918616
918608
912630
607491
607105
595273
595269
595268
589096
589084
589082
578782
562992
414201
412551
410492
343271
304560
200408
73142
72335
72330
72327
72322
72318
72303
72302
593115
412088
412085
337076
278361
909544
593238
562959
16211897
16211894
11627373
931408
931404
931391
931374
931280
931166
931158
930993
930989
930948
930941
929890
929461
928408
928401
928391
928292
928291
927946
927940
927934
927437
926889
926845
926158
926095
925676
925504
925388
925151
925147
925056
925047
924882
924879
924878
924876
924868
924858
924854
924852
924814
924708
924707
924103
924100
924043
923398
923288
923286
922748
922672
922531
921840
921600
921553
921458
921450
921443
921438
921437
921436
921380
921349
921259
921254
921098
921087
921081
921060
920899
920895
920727
920726
920725
920700
920681
920677
920672
920661
920654
920652
920644
920616
920572
920571
919545
919148
918847
918695
918694
918690
918689
918688
918537
918536
917951
917948
917941
917670
917669
917663
917660
917647
917632
917611
916859
916739
916719
916125
916109
916103
916102
915966
915932
915917
915916
915343
915097
915085
914267
913161
913160
913151
913149
913144
913139
913138
913137
913134
913127
913004
912947
912878
912846
911019
910060
910045
910039
909655
909654
909037
909036
909028
909025
908939
908506
908495
752737
752731
645328
618068
618067
618066
618065
618063
618062
617980
617941
617582
617376
617068
616998
616858
616652
616632
615978
615847
615684
615683
615682
614544
614542
614351
614347
614346
614345
614344
614343
614342
614341
614306
614305
614304
614188
614129
614124
613878
613432
612683
612259
612258
612257
611607
611495
611470
610924
610566
610420
610419
610418
610417
610411
609869
609439
609438
609434
609433
609432
609431
608749
608740
608612
608607
608604
608603
608600
608596
608595
608400
608285
608280
608276
607799
607676
607674
607673
607670
607669
607661
607596
607459
607454
607447
607444
607440
607171
607170
607041
607035
606986
606984
606977
606976
606975
606974
606596
606594
606371
606191
605969
605960
605519
605514
605377
605305
605293
605133
605132
605131
605128
605127
605126
605125
605123
605122
605121
605119
605118
605117
605116
605115
604986
604865
604672
604626
604468
604442
603898
602778
602281
601984
601983
601975
601971
601970
601969
601929
601665
601664
601658
601487
600872
600870
600418
600001
599999
599819
599781
599779
599778
599777
599776
599775
599667
599663
599158
599133
599128
599123
599117
598768
598745
598742
598215
597656
597655
597653
596922
596840
596783
596618
596515
596311
596011
596010
596006
596005
595853
595852
595851
595599
595574
595535
595444
595440
595327
595267
595141
594889
594767
594023
594020
593999
593809
593808
593768
593481
593299
593277
593014
593013
593012
592620
592619
592618
592613
592493
592491
592490
592489
592488
592487
591807
591804
591784
591640
591638
591464
591366
591365
591045
590862
590219
590127
590126
589922
589911
588965
588963
588958
588953
588745
588545
588463
588385
588227
588163
580802
580113
580072
579478
579419
579418
579264
579248
579245
579073
569295
567838
564580
564442
564093
564082
564081
563941
563643
563567
563238
563204
563002
562998
562940
562909
562868
562736
562619
554319
418728
418708
418707
418543
418491
417988
417201
416740
416468
415793
415449
415374
415159
415130
414892
414681
414482
414480
414348
413471
413291
412663
412614
412446
412443
412426
412425
411775
411755
411754
411463
411439
411438
411429
411406
411405
411370
411369
411263
411188
411175
411104
411015
410935
410596
410314
410255
409968
409733
384470
371551
361448
353600
351599
348186
345783
345363
345362
345179
343880
343209
342827
342772
342155
342154
342078
341879
341600
341599
341592
341369
341053
341050
340778
340774
340771
340770
340769
340449
340448
340444
340443
340442
340437
340361
340255
339824
339769
339668
339618
339617
339614
339562
339550
339545
339524
339466
339465
339447
339339
339079
339078
339017
338640
338567
338553
338544
338370
338019
337905
337900
337883
337806
337635
337631
337494
337091
337090
336988
336821
336645
336643
336642
336641
336640
336591
336590
336562
336547
336544
336543
336454
336280
336104
336053
335968
335967
335597
335596
335524
335417
335348
335187
335186
335178
335090
335071
335002
335001
334615
334401
333889
333641
333075
333074
333032
332575
306970
306399
306369
306367
305580
305118
305053
305046
304957
304495
304287
304168
304160
304159
303732
303730
303503
303466
303379
303378
303156
302856
297691
277766
272725
271363
271065
270906
270844
270840
270829
270787
270620
270291
269964
245319
244162
243960
243958
243793
243361
243162
243155
209737
205181
204963
204266
203113
202586
202190
201794
201786
201196
201192
201075
200647
200329
200172
200136
200133
199894
199816
199676
199634
199633
198913
198335
148855
147752
147749
147748
147625
146878
146311
146252
145768
145534
145520
145044
144880
144876
144875
144709
144676
144673
144516
144110
144044
143889
143344
137780
137779
106779
106778
101605
74926
74925
74339
74149
73144
72759
72506
72376
71951
25019
24953
24254
23667
23362
22081
21610
21604
21457
21388
20389
929741
917917
601289
601280
601275
601272
578553
341235
337948
333137
201888
929531
618031
603684
341912
593864
593852
589057
589043
589042
589018
589011
580514
412549
339199
338095
337468
72283
72260
72244
927986
927985
927980
927288
927287
927285
924757
924756
589650
562971
412040
337073
303873
200830
928109
927722
924327
924324
904675
593237
302912
20576
20575
916766
305017
272550
615814
615810
244671
578542
578532
337920
335367
333134
333132
917542
917538
208162
208160
929915
929913
928056
928055
917132
917130
912618
912612
912607
334354
72226
72221
72216
72214
72205
72200
72192
927135
909508
904663
904662
579252
409947
337714
279504
144091
21411
21403
927714
919067
578277
578275
578273
578268
200898
930081
930079
930077
930074
926712
924846
924843
922400
922397
922393
922390
922372
921727
921726
917823
910831
904730
595730
595659
579679
336141
243973
200592
199939
71629
71612
71611
71606
21383
303172
408687
331112
303210
279502
242832
72361
904396
334549
302888
302887
272538
341273
929527
929521
917906
578246
578239
333782
270261
197279
10314829
10305726
10305724
10237204
10236086
201034
919298
919293
912393
912385
912384
912367
600202
600201
600200
600199
562555
410476
340863
340858
340857
335634
244772
71593
71589
71564
927115
927114
927113
895678
337036
335201
914179
895815
895814
895813
895811
895810
895807
303358
303209
334506
928188
928181
578232
578222
578219
578209
70540
917528
562496
25087299
15461348
11632234
11394416
931540
931537
931432
931431
931423
931239
931227
931152
931144
931143
931142
931141
931140
931138
931134
931133
931130
931129
930478
930471
930254
930242
930065
930012
930009
930003
929887
929881
929879
929872
929589
929584
929444
929438
929278
929274
929273
929219
929214
929068
929022
928926
928920
928638
928382
928379
928371
928368
928366
928364
928362
928361
928360
928359
928358
928357
928356
928355
928288
928178
928145
928144
928034
928002
927872
927452
927451
927317
926995
926860
926757
926631
926630
926504
926090
926088
925559
925315
925314
925313
925312
925311
925310
925309
925308
925307
924219
924028
923874
923545
923164
922954
922645
922598
922528
922333
922295
922284
921432
921428
921426
921425
921417
921342
921243
921242
921239
921236
921235
921234
921058
921056
921049
919925
919923
919918
919917
919916
919721
919577
919527
919320
919121
918897
918883
918803
918642
918448
917803
917569
916557
916556
916066
916062
916041
915680
915673
915631
914996
914994
914991
914990
914694
914523
914418
914416
913899
912958
912490
912489
912486
912485
912484
912483
912481
912145
912070
911250
911170
911165
910875
910862
910806
910801
910800
910766
910760
910671
910543
910540
910190
910189
910188
910187
910186
910185
910184
910183
909855
909320
909318
909316
909315
909314
909313
909215
909214
908994
908852
908849
908848
908795
908715
908714
908624
908620
908226
908214
908211
908206
908183
907563
907468
907447
907402
907396
907392
907298
907245
906011
905036
905019
905016
905014
905011
904806
904604
904415
904353
904352
904351
903808
903700
903681
903483
903481
903130
903126
903104
900546
900543
900203
897172
892381
891071
757999
754228
618072
617898
617893
617304
617197
617191
617181
617178
616996
616989
616988
615270
615268
615266
615262
615234
614266
614265
614257
614254
614253
614232
613425
613424
613422
613411
613409
613408
613399
613396
612619
612617
612615
612325
612323
612321
612318
612317
612316
610914
610699
610696
610694
610693
610692
610523
608722
608632
608629
608623
608560
608427
606229
606228
606226
606224
606217
605575
605573
605570
605550
605543
604669
604661
604660
604659
604658
604657
604656
604655
604654
602123
602121
602116
601609
601607
601547
601362
600393
600385
600198
599964
599788
599784
599782
599773
599767
599766
599765
599754
599704
599526
599225
598176
598173
598172
598168
598153
598147
597902
597901
597900
597898
597895
597872
597463
597462
597458
597456
596605
595981
595980
595979
595978
595923
595922
595919
595847
595833
595647
595244
595243
595058
594941
594860
594859
594858
594857
594557
594545
594299
594296
593981
593980
593979
593978
593977
593976
593732
593611
592731
592723
592655
592600
592599
592517
592499
592485
592484
592483
592481
592480
592241
591753
591750
591748
591747
591746
591745
591744
591743
591742
591741
591740
591633
591447
591443
591276
591228
591227
591216
590352
590348
589961
589666
589425
589424
589423
589422
588940
588937
588935
588931
588930
588427
588363
588146
588141
588139
588138
583676
583675
580290
580074
579480
579479
579452
579429
579325
578925
578916
578564
578316
565196
564887
564886
564885
564884
564883
564882
564881
563915
563777
563417
563135
563098
563069
562981
562557
562509
562470
561914
561837
561834
416239
416237
415416
414516
414338
414336
414001
413207
413199
413198
413179
413001
412802
412798
412590
412559
412290
412177
412163
411981
411927
411926
411538
411437
411435
411403
411285
411284
411283
411067
411058
411028
410335
409789
409788
409786
409745
409684
409683
409681
409242
409240
408221
408071
399461
361675
361674
357676
353026
345844
344240
343778
342826
342825
342824
342823
342777
342120
341773
341528
340835
340834
340420
340060
339936
339588
339587
339378
339377
339376
339213
339212
338941
338940
338939
338938
338638
338245
338125
338124
338123
338010
337910
337908
337744
337679
337660
337628
337528
337481
337480
337455
337454
337315
337293
337292
337291
337290
337216
337003
336883
336875
336690
336687
336163
336130
335999
335960
335956
335935
335885
335737
335736
335735
335731
335670
335638
335607
335606
335581
335288
335255
335084
334795
334793
334792
334713
334698
334696
334684
334683
334528
334515
334446
334445
334340
334204
334116
334114
334113
334110
334083
334008
333937
333923
333905
333902
333898
333668
333634
333630
333608
333607
333606
333605
333604
333603
333602
333601
333600
333598
333487
333366
333326
333220
333214
333194
333188
333157
333150
333127
333072
333071
332642
332461
331536
331523
331162
330307
330073
305155
305152
305151
305059
304941
304549
304548
304408
304384
304120
304116
304080
303769
303761
303679
303497
303491
303485
303347
303231
302855
302854
302853
302815
296666
296665
276516
275956
275688
275687
275685
273590
273412
273024
270964
270544
270386
270024
270021
269806
269800
269357
269356
269350
269286
269285
269233
269204
269202
269201
269195
269194
269193
269190
263277
261376
244734
244733
244731
244730
244728
244727
244726
244724
244723
244722
244424
244333
244332
243695
243466
243313
242909
208027
204978
204977
204975
204974
204973
204971
204965
204586
202542
202426
202113
201670
201038
201002
200327
199781
199615
199147
199098
199065
198919
198646
198521
198373
198242
157325
147247
147246
146569
146141
146139
146026
145763
145658
145219
144912
144911
144786
144651
144650
144457
144354
144257
144256
144235
144223
144222
143902
143893
143720
143513
101601
101599
101598
97165
77844
75860
75263
73616
73496
73265
73127
72152
71948
71857
71513
71510
71496
26635
21901
21738
21141
20642
20538
20405
19339
927110
923417
923400
917336
914500
910243
594448
592507
562254
414768
412639
338240
336204
410718
408684
408682
334652
242817
305014
905229
905227
242849
578201
578198
578196
408522
330892
199033
197277
197276
919286
912346
912332
910199
910192
904706
904703
144349
71471
71469
904553
332480
917323
914136
895768
587969
410716
919697
918003
918002
578927
199898
906121
905200
578179
333683
927819
337204
927277
919276
919266
918791
912310
912306
912303
912299
912297
912280
912270
909763
904702
904697
615657
335632
334330
71441
71440
71426
71418
71413
71408
903094
608990
562477
147299
930224
914687
914683
906519
906512
906510
906507
903066
900189
900188
900177
887125
887120
887119
578803
578576
563513
561542
413268
407475
329131
20398
19974
909333
302886
272517
272516
929725
905187
578166
578165
578162
142846
927261
926383
926375
926374
919255
909747
909745
905908
902051
902037
902036
578488
562554
561639
415535
337066
337065
337064
335631
332269
200779
200774
144315
95777
10305328
10304636
10236534
10236533
10236532
10236531
904542
904453
904452
902590
561873
302786
143586
916977
914167
914165
914164
587945
411021
267805
196193
895296
330988
142871
928299
577949
407374
336345
18616
335317
919251
918581
902189
902186
902012
901991
901989
579007
409474
409473
332309
302423
70724
70723
70715
70712
902587
895485
408668
408667
331021
16211916
12260788
931290
930631
930484
930480
930436
930424
930382
930381
930380
930336
930335
930334
930333
930332
930331
930321
930318
930165
930160
929839
929837
929793
929310
929303
929302
929281
928981
928276
928156
928155
927870
927869
927868
927865
927068
926746
926745
926726
926670
926606
926603
926602
926601
926600
926599
926392
926391
926390
926389
926388
926087
925844
924895
924891
924890
924232
924224
923879
923159
923150
921922
921902
921704
921363
921328
921319
921318
921038
921034
921030
921027
921023
920530
919976
919678
919490
919474
919473
919471
919401
919233
919227
919226
919217
919214
919212
919207
919205
919204
919202
919109
918890
918496
918407
918399
918050
918048
918047
918046
918045
918044
918043
918042
918041
918040
917928
917687
917684
917001
916918
916917
916520
916496
916495
916494
916493
916492
916194
916193
916192
916191
916190
916189
916188
916187
915861
915859
915857
915856
915601
915011
914519
914412
914078
914023
912499
912456
912450
912095
912072
911719
911458
911455
911145
910535
910286
910121
910098
910026
909725
908744
908700
908696
908641
908628
907335
907328
907325
907056
907045
907000
906497
906457
906455
906452
906197
906192
906190
905669
905561
905499
905498
905495
905224
905222
905123
905119
904786
904785
904767
904644
904643
904642
904426
904425
904424
904423
904422
904060
904057
904042
904035
903755
903745
903707
903674
903671
903335
903333
903332
903329
903323
903320
903319
903318
903291
903286
903285
903284
903282
903216
903212
903211
903208
903174
903133
903023
902614
902613
902552
902473
902440
902230
901287
901282
901278
901273
901265
901188
901187
901181
901180
901136
901086
901047
900980
900976
900794
900685
900676
900675
900644
900643
900642
900637
900636
900349
900340
900337
900320
900231
900225
900167
900161
900145
900143
900120
900100
900093
900065
900063
900062
900061
900059
900032
899779
897747
897744
897740
897727
897724
896997
896609
896608
896607
896604
896240
896096
895444
895443
895440
895439
895437
895436
895435
895177
895175
894852
894761
894758
894747
894659
894440
894425
894415
894092
893784
893528
893520
893519
892362
892045
891291
891252
891090
891089
891084
891078
891056
890617
890615
889499
889379
889372
888771
888765
888106
888102
888101
887774
887772
887748
887138
886852
884814
884809
884798
758064
757296
756260
756255
618078
617864
616979
616767
616662
616345
616266
616259
616255
615672
615626
615433
615386
615337
615335
615139
614653
614651
613306
613266
613265
612666
612663
612660
612656
612655
612627
612626
612513
611405
611403
611100
610705
610704
608099
608097
608094
608092
608087
608086
607870
607422
606617
606616
605326
603294
603230
602960
602958
602952
602257
602256
602240
600259
599734
599631
599370
598912
598911
598909
598326
597945
596569
596028
596020
596016
595971
595707
595701
595700
595473
595463
595462
595354
595348
595145
595143
594404
593746
593512
593214
592578
592464
592463
592462
592461
591173
589866
589860
588858
588188
588184
588182
587699
580306
580237
580105
579272
579157
578669
578598
578505
578400
578302
578287
578155
578128
567540
567102
563639
563637
562546
562439
562179
562171
561862
561674
561673
561572
561571
561288
561171
560705
555041
417442
416154
415792
414351
413454
413294
413282
413281
413262
412344
412235
412173
412162
411692
411633
411131
411129
411128
411127
411126
411125
411124
410364
409958
409887
409784
409782
409730
409729
409709
409676
409591
409588
409468
409373
409319
409280
409279
409278
409277
409275
409274
409273
409271
409212
409199
409194
409193
408787
408752
408497
408415
408259
408103
408072
407800
407658
392678
364781
362341
356786
356785
356782
354651
354648
354646
346013
345072
343088
341708
341707
340741
339628
339627
339626
339624
339609
339606
339532
339511
339450
339448
339288
339285
339159
339024
338221
338218
338128
337801
337721
337530
337430
337429
337219
336971
336860
336578
336427
336293
336123
336075
335983
335929
335927
335651
335630
335392
335391
335390
335242
335208
335162
335107
335106
335105
335102
334693
334579
334195
334154
334068
334065
334024
333774
333383
333313
333303
333263
333085
333052
333040
333039
333038
333037
333035
332712
332710
332709
332707
332706
332697
332683
332682
332681
332634
332632
332630
332628
332627
332625
332624
332469
332102
332101
332099
332092
332035
331939
331935
331934
331364
331292
331225
331156
331155
331070
331014
330974
330973
330913
330880
330784
330383
330074
329968
329802
329452
329348
329052
311771
304442
304234
304188
303968
303723
303712
303576
303549
303500
302776
302649
302646
302644
302642
302551
302487
302486
302325
302232
292239
292237
284530
280922
276992
276038
271417
270861
270790
270502
269899
269886
269339
269335
269334
269259
269095
269072
269061
268997
268515
268512
268511
268505
268329
267755
267754
267753
244434
243407
243340
243335
243327
243326
243036
243028
242927
242911
242724
242518
242345
205728
204060
203021
201238
201074
200998
200986
200770
199794
199761
199211
198900
198899
198481
198460
198447
198430
198429
198147
197908
197478
197252
196198
148596
147746
147745
146917
145771
145622
145615
145141
145139
145137
145094
144513
144303
144300
144274
144273
144272
144271
144098
143906
143643
143642
143524
143470
143456
143396
143254
143250
143232
143224
143064
142614
142460
142452
99095
97940
97771
74405
74151
74144
73280
72841
71876
71754
71306
71002
70994
70736
26294
24884
24881
22893
22238
21559
20684
20600
20479
19847
19725
19570
926912
913068
906802
579500
407378
328950
909695
895925
890441
890437
890434
890413
890409
329949
70682
70675
70674
70668
70654
913249
895655
408658
70259
914154
896518
896517
882114
329132
926901
271906
271904
196661
906115
577971
577968
407376
196119
909687
897945
895921
890629
890379
890359
578125
578123
407998
70627
70624
70615
70614
70601
278345
896513
876339
876336
876335
408251
327325
72798
608987
906483
888882
888873
888871
595696
595695
595694
595693
595692
595691
595688
595687
588221
577963
577954
407795
335678
333772
333770
330479
329471
303416
301947
18618
887270
887269
905809
895914
890350
890348
890347
587655
561881
411232
407965
335635
329944
303402
69946
69945
69943
11627871
908055
908054
899029
891413
891411
408651
408647
408646
909837
876321
876315
327323
10314885
10304754
895278
341006
330986
304544
268736
896665
906108
333682
302443
578007
897922
890310
890303
890300
890296
890290
880529
880526
577891
333715
333714
333571
329940
328126
328124
302891
69917
69915
69914
20689
588060
408641
336336
336334
896078
896076
301608
917795
917794
917792
895271
411114
268963
16300344
15461338
12335125
931526
931513
931258
931066
930317
930312
930310
930309
930308
930302
930031
930024
929494
929492
929490
929155
927810
927802
927799
926994
926993
926992
926988
926404
926214
926212
925699
924592
924591
924186
922898
922897
922460
922459
922455
921313
921226
921134
920716
920712
920056
920005
919999
919946
919945
919941
919937
919936
919935
919932
919927
919899
919805
919787
919710
919709
919658
919652
919651
919650
919649
919597
919458
919450
919199
919180
919179
919173
919168
919167
919166
919165
918771
917040
917039
916792
916603
916491
916490
916489
916488
916487
914313
913742
912249
911685
911668
911092
911085
911084
910590
910303
910298
910090
909148
909147
908903
908900
907882
906613
906469
906333
906331
906279
906276
906158
906097
905279
905278
905277
905276
905275
905274
905272
905271
905270
905269
905268
905267
905214
905000
904640
904639
904637
904633
904610
904271
904270
904261
904256
904191
904189
904188
904187
904186
904184
904182
904181
904177
904171
904160
904152
904149
903237
903235
903205
903204
903014
902533
901734
901690
901437
901031
899115
899114
898951
898950
898945
898464
898458
898450
897968
897145
897144
897143
896645
896644
896643
896642
896641
896640
896639
896638
896637
896636
896576
896319
896309
896308
894798
894797
894649
894647
894646
894462
894132
894127
894112
894086
894085
894083
894082
894061
894059
893956
893779
893773
893658
893652
893508
893507
892909
892907
892617
891245
891187
891185
891049
890792
890786
890665
890652
890285
890230
889747
889509
889361
889348
889343
889338
889213
889200
889195
889188
889180
889179
889174
889157
889048
888999
888990
888895
888888
888886
888853
888847
888845
888821
888820
888819
888818
888816
888815
888799
888798
888797
888788
888787
888786
888784
888783
888782
888781
888780
888779
888778
888777
888754
887988
887978
887968
887964
887341
887340
887339
887328
887327
887242
886937
886839
886224
884992
884990
884949
883685
882472
882471
881924
881918
881572
880044
880040
879956
879941
879940
879937
879248
879244
879238
879141
879137
879108
879107
879106
879105
879104
879103
879034
877868
877845
877838
877273
876559
874700
874697
874546
873148
873147
873122
872482
872351
872095
616463
616459
616332
614383
614382
614380
614377
613551
613546
612645
612644
610989
608234
604148
599185
598316
594703
591030
591028
591023
591022
588196
588195
588169
588168
587420
587323
587160
579271
579270
579161
579160
579011
578794
578529
578524
578300
578091
578087
578076
577679
577614
577554
577548
564544
563134
563100
562543
561959
561731
561483
561188
561130
561034
560796
560114
416149
415156
414432
414431
413842
413841
413684
413536
413240
413239
412732
411288
411287
411271
411135
411086
410992
410742
410727
410694
410359
410150
410022
409881
409870
409865
409831
409651
409341
408777
408598
408518
408492
408491
408433
408428
408425
408374
407995
407786
407785
407784
407783
407656
407557
407397
407296
407254
406780
406417
406368
401378
341862
341763
341762
340104
340102
340101
338212
337961
337959
337923
337816
336839
336146
336145
336144
336143
336142
335742
335740
335739
335685
335655
335472
335395
335268
335141
334056
334055
334054
334050
333800
333732
333723
333587
333539
333275
332661
332598
332074
331627
331572
331401
331295
331215
331212
331208
331180
330859
330858
330851
330788
330780
330779
330777
330776
330775
330774
330773
330771
330770
330769
330768
330575
330543
330414
330412
330402
330082
329816
329730
329675
329672
329668
329666
329426
329421
329346
329246
329210
329204
328972
328768
328767
328234
327973
327860
327792
327084
327052
327036
327018
327017
327015
326458
305089
305087
304105
303719
303513
302987
302942
302877
302781
302289
302288
302264
302108
302099
302089
302088
301812
276321
275721
275720
271505
270484
270239
269733
269084
269037
269035
268574
268570
268404
268365
268356
268270
268232
268159
267956
267838
267668
267183
242956
242948
242943
242889
242886
242883
242608
202429
201175
200904
200009
199539
199002
199001
198925
198770
198604
197589
197236
197174
197173
197117
196559
196534
196429
196131
195310
195305
144543
144393
144390
144372
143660
143463
143417
143404
142975
142744
142495
142450
142449
142426
142264
141532
99344
76374
72583
71989
71931
71285
70493
70492
70410
70167
70166
20805
19543
19541
19539
19538
19390
18939
18931
18930
18701
17662
902467
901640
329184
906224
906223
895903
871887
871884
871861
331506
326347
302389
69873
69863
69828
895830
889535
889533
579906
579905
579904
579903
579902
579901
579900
579820
579817
579793
579764
331113
195340
914147
887436
887433
271875
887300
887297
577542
577533
406431
301574
195099
142973
329178
898642
897903
897896
895640
884476
884468
884461
884443
560236
406032
331657
331469
331049
331047
69820
69810
69798
887430
925796
891588
882517
896558
577522
406429
195098
141531
329177
329175
888326
888324
888321
882175
871852
871848
329545
301419
69238
69236
69234
69230
69210
69207
927681
919648
919646
919645
919590
919588
897294
897286
897284
891785
888442
888426
887049
879236
879232
408629
408625
407669
335683
335669
328467
327813
887221
887220
887219
887218
887217
887216
887215
887214
887213
887212
865571
578006
578005
578004
578003
895302
895299
304543
271863
271862
877007
877006
877005
877004
877003
877002
560019
327467
10313837
10277875
898345
887498
887497
577287
577280
577279
577277
577272
876649
327396
268101
268099
197646
906216
897859
871786
861913
577472
408595
407482
198940
69165
69152
880901
301657
196156
885450
885448
865549
301245
875559
875558
875557
875556
577586
577585
883428
587455
587448
587440
587438
330138
577268
577264
577262
350019
68130
876646
876644
876642
896422
895618
888320
888318
888316
888037
888036
871765
871762
871758
871757
871742
871735
329543
326343
326342
69142
69137
69126
69123
69122
69115
69111
69107
20607949
11664859
11615082
11610492
931344
931343
930681
930367
930362
930354
930351
930344
930185
930140
929350
929349
929348
929347
927973
927972
927968
927964
927958
927950
927898
927857
927787
927732
927450
927368
926546
926544
926539
926303
924666
924661
924625
924469
924050
922941
922310
920913
919987
919504
918492
918418
918417
918254
916276
916167
916150
916148
916145
916013
916006
915998
915516
915222
915219
912999
912464
911712
911440
911396
910785
910580
910579
910576
910490
910481
909252
909234
909232
909221
909220
909218
909217
909155
909140
909138
909136
909135
909134
908766
908362
908328
907911
907750
907586
907580
907579
906671
906663
906558
906436
906423
906421
906419
906416
906415
906378
906377
906376
906344
906250
906246
906241
906240
905922
905920
905918
905917
905491
905117
904658
904657
904656
904655
904140
902824
902823
902822
902792
902523
902521
902227
902124
901597
900719
900569
900410
900403
900211
900154
899984
899982
899459
899456
899453
899450
899449
899446
899445
899442
899441
899440
899439
899246
899245
899244
899236
898965
898962
898875
898874
898873
898871
898864
898860
898857
898770
898760
898615
898609
898602
898444
898443
898429
898412
898107
897655
897499
897247
897241
897240
897239
897238
897140
896794
896786
896732
896731
896730
896729
896728
896727
896726
896725
896724
896723
896722
896721
896720
896719
896718
896717
896634
896602
896597
896382
895351
895348
895059
895053
895047
895043
895038
895037
894960
894664
893248
893245
893243
893242
893241
893240
893238
893237
893236
893094
892645
892639
892598
892595
892594
892059
891519
891028
890777
890597
890595
889704
889698
889691
889621
889023
889015
889014
889003
888840
888425
888424
888346
888333
888291
888183
888176
888073
887551
887544
887447
887446
887317
886826
886512
886510
886508
886492
886206
886205
886204
886203
886009
886007
886006
885899
885617
885613
885611
885608
885532
885524
885373
885336
885326
885084
884960
884066
884051
883807
883095
883094
882926
882925
882521
882485
882477
882285
881610
881581
881578
880792
880790
880788
880787
880555
880099
879933
879923
879888
879883
879873
879851
879849
879847
879828
879827
879820
879815
879811
879637
879618
879616
879601
879593
879592
879549
879410
879204
879189
879164
879161
879115
879114
879111
879007
879003
878131
877861
877821
877819
877651
877650
877649
877645
877644
877208
876905
876722
876721
876530
876529
876528
876520
876519
876512
876014
875719
875718
875687
875679
875585
875583
875580
875575
875522
875262
875206
875202
875174
875082
875077
874942
874941
874940
874648
874290
874289
873967
873809
873733
873724
873510
872709
872662
872659
872639
872638
872637
872593
872592
872558
872387
871979
868803
868741
868732
868730
866653
866650
866634
864508
864507
864496
864177
862300
862296
757982
756664
755263
618089
618046
618043
617970
617934
617888
617616
617196
617195
617041
617039
616252
616251
616250
616248
616245
616242
616239
616078
616074
615839
615747
615746
615153
614432
614375
614370
614368
614247
614242
614116
612572
612571
612566
609637
609634
609627
608967
608965
608081
608080
608079
608077
608074
607636
607625
607487
605677
605078
605074
605073
603391
603390
601893
598135
598125
598124
598115
598112
594552
594551
594547
594519
592747
592746
592745
592744
592743
592742
592741
592740
592739
592738
592737
592458
590677
590674
587707
587561
587560
587408
587233
587133
587041
586545
586498
586484
586262
586260
586222
585952
580919
580916
579340
579273
579269
579000
578484
578459
578314
578292
578142
578045
577935
577924
577923
577908
577660
567157
566726
563612
563027
562860
562859
562858
562857
562856
562855
561945
561717
561499
560963
560741
560693
560396
556328
416450
413005
412260
412259
412258
412257
412166
411856
411855
411854
411853
411852
411761
411750
411746
411261
411164
410956
410610
410606
410403
410340
410147
410112
409871
409741
409295
409137
409125
409120
409093
408810
408809
408795
408321
408279
408131
407840
407827
407826
407702
407701
407561
407395
407313
407310
407250
407161
407160
406957
406869
406865
406856
406684
406638
406601
406593
406496
406390
406387
406374
406373
406336
406323
406224
406221
405269
405173
405100
405099
391123
388493
370083
370071
369811
362613
361671
361670
356781
356780
356779
356778
356777
356776
356775
356774
356279
352557
350737
350447
349347
342325
341850
341255
340090
339310
338986
338984
338983
337808
337539
337538
337061
337060
337058
337057
336958
336561
336559
336558
336554
336537
336501
336018
336017
335426
335121
335081
335018
334192
334149
334148
334017
333828
333791
333752
333738
333648
333622
333382
333242
333159
332291
332192
331951
331791
331789
331788
331739
331689
331564
331563
331338
331310
331309
331308
331307
331290
331227
331226
331013
330856
330485
330483
330481
330480
330450
330448
330445
330425
330386
330362
330346
329935
329754
329720
329705
329674
329555
329534
329519
329459
329377
329209
329208
329196
329171
328797
328788
328785
328398
328393
328213
328212
327976
327954
327952
327951
327898
327889
327882
327844
327840
327808
327802
327798
327794
327653
327599
327569
327423
327361
327107
327103
327099
327062
327049
327048
327034
326861
326860
326728
326727
326720
326497
326487
326366
326031
326030
325595
324691
324659
315573
309321
304121
303812
303754
303622
303619
303282
302901
302872
302795
302713
302661
302449
302448
301967
301805
301700
301699
301628
301582
294864
292218
283923
282214
279145
279048
275719
269220
269219
268717
268604
268287
268218
268060
268057
268041
268040
268003
267999
267886
267879
267872
267820
267577
267574
267548
267547
267496
267495
267449
267238
267179
267172
261365
261364
245239
243415
242556
213149
201799
201013
201011
201010
201007
201006
201005
201004
200212
199928
199208
198949
198739
198691
197972
197689
197053
196985
196533
196353
196170
195542
195538
195507
195506
195349
195178
195030
194987
194273
159483
155225
147003
145910
145903
144995
144994
144993
144992
144982
144946
144861
144840
144176
143615
143549
143156
142984
142983
142982
142938
142913
142755
142594
142490
142489
142339
142324
142236
142090
142006
141916
141731
141548
141538
96948
96947
72893
70916
70915
70764
70423
70421
70217
70001
69669
69411
68671
34008
28697
27024
22914
22913
22912
20715
20704
19919
19663
19411
18988
18977
18976
18489
18404
18005
17618
917315
905045
891559
889529
882701
882045
865535
586663
408982
556439
302095
197510
577248
577245
194067
880098
880097
880095
888314
888311
888031
888030
887421
887039
882163
871723
871711
871704
758033
406002
406000
405999
329542
329152
326340
301992
267383
196386
69098
69095
69094
69093
69065
69064
69058
408577
331016
301462
141370
301984
197639
194154
415268
272510
877001
877000
882440
878050
878049
577224
577221
17018
865827
896409
878275
871686
871679
871661
406728
405090
327679
327678
327341
68390
68388
895446
882039
872762
407470
407469
405742
326509
278332
142209
915328
915326
882394
882081
881147
859544
404555
193010
897438
888500
883315
883312
882222
877348
867404
597412
559360
332152
329844
329596
329159
69747
20701
876997
876996
876995
876994
876993
882434
576985
576979
408045
865825
10324016
10314805
10306169
10305476
10241971
10236353
905138
905136
905125
897835
887020
887017
871637
405996
331501
197648
68362
68357
68344
68332
68331
882157
877934
877933
877930
877929
586923
556528
410237
406690
327609
859541
859540
859532
404554
323710
197624
197621
865188
271850
876992
876990
327466
267485
267484
576953
327643
586782
887411
887032
877813
876419
861886
861878
861875
861701
861685
861682
327677
324591
142899
68301
68300
68299
68298
68297
68279
870973
407457
195731
195390
876484
876479
873419
859521
859516
327351
193005
193004
16211936
16211934
16211932
16211922
11632358
929951
929949
929948
929946
929941
929224
929222
927730
923484
923385
923383
923380
921122
921120
918718
918715
917483
917242
917240
917235
917231
915989
915887
915352
915316
915315
915213
914307
914305
912791
912244
911128
911115
907571
906075
906074
906073
906072
906070
906069
905750
905747
905746
905745
904561
904139
904138
904137
904136
904135
904099
902815
902351
902337
902335
902333
901720
901340
900803
899433
899425
899042
898740
898598
898593
898592
898573
898572
897827
897826
897766
897434
897430
897429
896302
896204
896197
895035
894993
894988
894944
894943
894942
894939
894936
894933
894928
894925
894896
894841
894840
894777
894772
894767
894160
892974
892896
889264
888604
888513
888185
887533
887532
887516
887511
887102
886787
886786
886782
886775
886772
886766
886765
886764
886138
886005
886003
886002
886001
885822
885721
885719
885718
885717
885711
885709
885671
885586
885579
885577
885388
885363
884556
884483
884394
884302
883798
883797
883796
883608
883420
883419
883418
883416
883414
883413
883410
883405
883402
883300
883282
883281
883274
883273
883266
883264
883262
883128
883127
883066
883054
882956
882951
882941
882940
882939
882921
882885
882856
882817
882632
882574
882572
882571
882570
882569
882568
882567
882566
882565
882564
882563
882562
882561
882560
882559
882558
882557
882556
882555
882554
882553
882552
882551
882550
882462
882457
882455
882454
882365
882233
882103
880968
880772
880754
880541
880540
880539
880421
880376
879860
879835
879751
879750
879747
879582
879573
879200
878457
878388
878383
878381
878377
878375
878374
878018
878017
878016
878015
878014
877614
877122
877115
877016
876979
876873
876713
875493
875492
875491
875474
875360
875172
875168
875165
875164
874927
874727
874719
874387
874375
874107
873676
873673
873671
873180
873179
872587
872055
871897
871895
871894
871893
871611
871247
871221
870999
870944
870943
870765
869958
869953
869765
869654
869652
869651
869649
869647
869630
869608
869361
869357
869356
869351
869349
869336
869335
869332
869331
869330
869116
869115
869114
868984
868913
868911
868910
868909
868908
868907
868904
868903
868899
868898
868863
868860
868793
868768
868727
866286
866279
866120
865967
865961
865953
865944
865918
865107
865100
864894
864888
864305
864292
864291
864289
864285
864284
863959
863956
863776
863774
863616
863611
863424
862704
862529
862456
862452
862450
862306
862293
862292
862265
860923
860205
860035
860028
859063
859055
859036
859019
858735
858472
858186
617964
617832
617175
616056
615578
615577
612653
612651
612649
607471
607470
604275
604254
604135
604116
604114
602207
594309
591010
590591
587679
587673
587580
586720
586419
586418
586348
586259
586137
586099
586074
585944
585712
578594
578352
578154
578016
577689
577509
577489
577476
577475
577366
577365
577361
577015
563129
563126
561595
561498
561208
561204
560690
560599
559785
559473
558482
416670
416667
416665
414538
412293
412292
411850
411849
411848
411847
411846
411845
411844
411843
411842
411838
411217
411180
410401
409624
408958
408889
408486
408273
407757
407744
407740
407647
407574
407560
407494
407473
407246
407245
406837
406823
406796
406771
406702
406701
406508
406507
406495
406396
406117
406049
406029
406011
405962
405936
405895
405880
405530
405434
405433
405432
405431
405421
405407
405396
405346
405343
357822
356716
356713
348671
343192
342404
337643
336838
335944
335818
335345
335142
334677
334146
334019
333815
333814
332724
332723
332142
331787
331780
331778
331776
331773
331667
331434
331238
331001
331000
330999
330998
330997
330996
330995
330815
330438
330400
330397
330395
329831
329751
329749
329566
329565
329526
329523
329522
329461
329460
329455
329408
329367
329334
329275
329274
329241
329124
328990
328989
328941
328532
328528
328527
328525
328424
328423
328376
328375
328080
327927
327878
327875
327753
327564
327562
327156
327155
327128
327092
326825
326816
326804
326701
326694
326640
326496
326456
326374
326330
326327
326307
326305
326233
326197
326116
326080
326075
326073
326055
326046
326036
326034
326033
325717
325685
325574
325570
325491
325489
325458
325448
325295
325219
325142
325139
325128
325126
325125
325010
324943
324720
324436
324417
324416
324005
323892
323449
323445
323444
323437
305672
303489
303097
303071
302537
302379
302322
302029
301962
301961
301686
301564
301404
301382
301338
301014
300825
300796
300794
300793
282213
276034
274753
273949
271436
271432
271431
269703
269693
268708
268707
268671
268238
267258
267255
267236
267235
267234
267233
267232
267231
267013
267010
266838
266685
266684
266683
266620
266582
266538
266537
262103
262101
262099
199880
199149
198920
197323
197014
197004
196815
196377
196188
196134
196120
195924
195498
195495
195487
194510
194482
194357
194200
193998
192857
145078
143548
143349
143172
142816
142815
142612
142225
142223
142222
142210
141819
141334
141300
141296
141042
75118
72394
71895
71858
71009
70913
70731
70100
69764
69763
69759
69754
69630
69347
68694
68089
67921
67205
20874
19954
18702
18670
18378
17412
17093
17001
16476
16351
577700
407045
405623
195766
878493
867557
576946
576944
576941
404442
327704
140251
865812
887396
887393
878259
877805
877801
873754
865667
861667
861665
861654
861652
861650
861644
405075
329078
327674
324575
68270
68225
17927
878672
878481
875866
329044
889886
876478
873413
854061
865179
882512
882509
887485
887482
867548
576929
576927
576926
576923
576914
878255
878252
877798
876407
861868
861865
861611
861605
861603
861600
861599
861588
329395
329394
327673
327583
196325
196324
195230
141592
68181
68180
17848
870968
867385
867384
867383
867382
867381
867380
867378
867376
867375
867374
867373
867372
867371
867370
867369
867368
867367
867366
867365
867364
867363
867362
867361
867360
560445
559357
328837
268685
266764
193676
141616
140794
69267
404552
193002
875888
327249
69255
866269
576912
576897
404438
300932
20476
16144
910467
887844
875314
873838
873836
873834
873831
873830
873829
872532
872531
866741
865698
865697
863541
559660
559659
407900
326740
326737
326736
326735
326734
326732
325684
324283
324281
300862
877782
875849
873748
866157
866156
861581
861574
861560
861556
586810
585585
406683
327672
324571
140722
67514
67508
67507
67506
67498
67484
863363
863360
850530
324879
194174
191757
853830
867353
867348
327465
268090
194353
866261
866260
859710
855001
576894
576892
323519
323518
196344
854326
875834
875831
867783
861550
859662
558531
406504
405739
405656
404577
324565
324564
67468
67455
865384
865382
850505
850504
325344
859637
858585
846549
586805
323727
323126
321965
300705
139567
11662384
866249
854995
576720
576718
576717
576716
576706
576703
321825
16211980
16211978
927364
927363
927354
927353
924655
924653
924647
924561
921166
920328
919047
919041
918955
918775
915648
915647
915646
914771
914767
914765
914234
914231
913947
913312
913310
913309
907263
907258
906440
906366
906094
906093
906091
904937
903654
901325
901323
901321
901320
900845
900712
900109
900103
899860
899567
899565
899562
899422
899420
899418
899416
899377
899373
899368
899307
897423
897417
897404
897233
897231
897230
896742
896541
896539
896538
896537
896536
896343
896337
896334
896295
896282
896271
896258
896256
896253
896178
896177
895359
892869
892862
890512
890511
889724
889619
889254
889251
889133
888749
888481
887612
887611
887610
887603
887587
887586
887585
887584
887583
887582
887581
887580
887579
887578
887576
887575
887574
887573
887572
887571
887570
887568
887567
887543
887455
887454
886906
886682
886681
886680
886501
886500
884887
884367
884366
884254
883904
883457
883453
883448
883185
883147
883143
883140
883092
883085
882629
882342
882339
882336
881772
881771
881770
881593
881300
880685
880684
879731
879562
879430
878591
878586
878583
878578
878577
878420
878419
878415
878363
878362
878361
878298
878292
878281
878222
878218
878215
878204
878167
878166
878158
878154
878097
878090
878079
877759
877757
877756
877754
877753
877752
877750
877749
877746
877744
877731
877726
877725
877438
877434
877367
877087
877086
877085
877084
877083
877082
877081
877080
877079
877078
877077
877076
877075
877074
877073
877072
877039
876942
876935
876929
876766
876759
876252
876235
876230
876194
876164
876161
876159
876155
876151
876149
876147
876144
876143
876142
876141
876140
876139
876138
876137
876135
875343
874598
874135
874072
874071
874070
873980
873979
873973
873877
873874
873873
873872
873807
873803
873794
873785
873745
873311
873303
873302
873297
872984
872144
871425
871383
871332
871265
871264
871208
871128
871120
871049
871017
870986
870983
870982
870734
870713
870706
870703
870701
870636
870172
870157
869574
869571
869443
869432
869103
868965
868914
868517
868512
868486
868202
868077
868021
868019
867982
867736
867617
866983
866907
866564
866100
865478
865445
865406
865405
865005
865003
864975
864861
864345
864202
864011
863733
863572
863509
863270
863055
862489
862482
862409
862397
862323
862064
861810
861473
861467
861194
861115
860857
860730
860710
860350
860286
860276
860148
860144
860140
859232
859205
859199
858778
858777
858495
858095
858093
857789
857732
857717
857714
857713
857247
857036
856869
856718
856139
856138
856136
856100
856098
856054
856052
855967
855961
855960
855953
855951
855856
855843
855837
855827
855806
854494
854388
854387
853348
853343
853333
852356
852353
852346
852337
852336
852334
851314
851313
851312
851302
851301
851246
851244
851063
850863
850860
850858
850852
850849
850708
850572
850563
850440
849665
848587
847214
847189
847186
845649
755256
617239
616950
616948
616947
608072
608071
608067
607888
607884
607883
601430
594834
594833
594832
594430
592456
592455
591006
587652
586459
586185
586056
585797
585769
585701
585699
585540
585412
580906
578666
578386
578317
578126
578047
578044
577641
577619
577203
577195
577115
577050
576999
576746
564733
563659
562848
561594
560534
560184
559955
559953
559847
559669
559536
559495
559475
559402
559174
558962
558916
558575
415672
414341
413328
411954
411618
410604
409793
409792
409791
409386
409322
409008
409004
408888
408881
408574
407862
407556
407041
407040
406845
406821
406750
406615
406611
406522
406520
406352
406254
405883
405865
405839
405800
405325
405324
405209
405185
405086
404974
404971
404970
404952
404946
404879
404878
404877
404726
404474
404436
404387
404368
404367
404366
404199
403628
403044
361451
360318
360317
355765
352556
345479
343876
343729
343085
343083
337949
336536
336528
332024
331814
331769
331768
331767
331766
331763
331761
331758
331756
331498
331494
331336
331201
331189
330900
329973
329905
329591
329532
329266
329265
329127
329126
329125
328427
328426
327920
327919
327916
327689
327684
327618
327578
327524
327482
327479
327477
327452
327415
327302
327298
327297
327296
327129
326809
326807
326750
326749
326748
326741
326718
326715
326637
326629
326570
326322
326128
326048
326044
326042
325992
325989
325909
325904
325590
325586
325566
325359
325358
325272
325160
325060
325038
325021
325018
325013
324962
324915
324914
324911
324730
324556
324453
324424
324422
324421
324336
324301
324298
324092
323811
323810
323807
323804
323802
323640
323579
323492
323491
323488
323381
323380
322854
322568
322567
322564
322563
322562
321883
321291
304404
303618
303615
303217
302966
302932
302401
302362
302059
302046
302000
301607
301594
301394
301132
301112
300865
300754
300742
300618
300510
292083
275706
275705
275541
273938
273934
270968
269472
268118
268113
268076
267375
267358
267340
267246
267242
267241
267027
266759
266632
266478
266459
266158
266149
266145
266126
265381
242939
242675
242673
242529
214021
200384
197534
195920
195267
194878
194611
194539
194492
194491
194479
194034
193807
193422
193419
193393
192871
192867
191328
144030
144023
143004
143002
143000
142888
142806
142463
142278
142167
142052
141855
141515
141507
141426
141364
140857
140597
140339
140275
140143
140001
98818
70028
69261
69260
68451
68004
67828
67814
67736
67644
67225
67177
67159
67149
22190
22185
22182
19723
18781
18776
18086
17515
16848
16827
16475
16155
15329
875827
875818
872530
872529
872528
870855
867181
867179
861502
861496
860064
854908
854902
577307
560075
559352
558640
327671
323733
140326
68547
67417
67415
885047
875701
875700
865599
865596
559252
559251
327193
585872
404227
321962
853810
271819
271817
870323
587490
346329
346324
346319
576697
576696
576693
576689
406087
142399
404615
875812
858049
856432
851928
851927
851926
851917
559351
322817
67328
67321
67307
67301
67295
859434
404127
300676
194146
194145
870402
866954
585864
323125
139566
139565
68539
860577
577146
324460
854474
854473
850940
576680
576679
576677
321821
612057
612034
611984
611979
611877
611865
611863
611862
611809
347796
347790
322027
206042
25536
915335
915334
875801
867767
851832
851818
585339
585338
404703
404630
327227
322815
67362
67361
67341
67333
17817
866851
865688
863329
863326
862357
857335
851147
851135
849720
323934
323669
266112
68625
875972
875966
870849
870847
854448
846505
327256
192651
866143
866139
866130
846263
415924
415917
325509
325508
10305341
10242481
866951
859768
847829
847828
576662
576661
300517
855419
867743
854827
854106
854105
854104
854102
854101
851799
851789
849559
849557
849554
404576
403601
321112
300852
194330
194329
66614
66612
66610
66602
66598
66579
66577
852407
323667
875963
875960
875957
875956
844777
840282
404596
402580
320482
66423
326515
326510
576647
576641
576639
321816
191661
897132
897127
897124
897123
865371
865368
865367
860385
860169
854095
854092
851780
851769
331390
325343
66540
66538
66536
66535
66530
66525
17051
15461328
15461326
929934
929933
929932
929929
929928
929927
929922
929917
924640
924610
924608
921141
919620
917322
916364
910201
910200
909291
909290
909289
909288
909287
909286
905681
905676
905446
905444
905440
903579
902631
902625
900747
899580
899576
899228
899227
899226
899224
899214
899212
899211
898814
898813
898808
898807
898806
897391
897277
897276
889641
889238
889237
889232
887564
887293
886802
886727
886725
886714
886712
886637
883925
883924
883922
883789
883788
883787
883786
883760
883739
883738
883605
883602
883598
883594
883592
883591
883590
882869
882766
882371
882026
882025
881935
881757
881756
880651
880510
880148
880147
879689
879148
878636
877772
877771
877768
877722
877719
877718
877717
877714
877713
877711
877710
877709
877708
877707
877706
877704
877693
877687
877071
877070
877069
877068
877067
877066
877065
877064
877063
877062
877061
877060
877059
877058
876846
876845
876687
876623
875609
875607
875606
875599
875224
875222
875220
874275
874203
873800
873758
873711
873619
873618
873616
873610
872256
871219
870896
870522
870440
870420
870419
870418
870386
870289
870286
870269
870145
870143
870142
870141
870135
870134
870015
869980
869831
869830
869829
869828
869825
869823
869819
869815
869699
868949
868413
868411
868405
868373
868130
868129
868128
867969
867967
867966
867965
867924
867801
867727
867722
867718
867700
867326
867307
867302
866341
866338
866335
866034
866024
866018
865510
865074
865068
865064
865063
864856
864855
864853
864852
864851
864850
864847
864842
863640
863445
863317
863281
863279
862472
862251
862249
862248
862107
862017
862016
861922
861851
861841
861836
861835
861834
861185
861171
861163
861156
861154
861014
860875
860512
860510
860508
860507
860489
860488
860115
859805
859269
859262
858973
858815
858812
858809
858807
858783
858768
858688
858651
858634
858633
858067
858065
858064
858033
857874
857870
857819
857739
857289
857213
857087
857051
856876
856549
856452
856449
856379
856375
856219
856033
856032
856014
855896
855407
855403
855317
855068
854974
854686
854463
854461
854460
854459
854457
853998
853926
853709
853604
853534
853277
853248
852925
852332
852331
852327
852321
852268
852037
851866
851701
851294
851281
851165
851021
850885
850848
850669
850667
850664
850633
850620
850603
850601
850596
850314
850071
849960
849797
849164
849154
849152
849087
848989
848979
848973
848815
848810
848807
848802
848798
848797
848795
848794
848686
848682
848681
848625
848624
848523
848502
848485
848484
848483
848470
848469
848461
847736
847735
847732
847603
847174
847172
847146
847142
847139
847134
847112
847111
847034
846782
846225
846220
846219
845765
845671
845638
845636
845632
845492
844987
844984
844613
844240
843622
843139
843138
842453
842448
839939
839852
839401
839400
839394
839383
839380
839376
618294
616971
616621
615570
615568
611010
609829
609826
609825
608773
608772
608764
608760
608248
590884
590257
587715
587714
587713
587712
587710
586409
586175
585656
585391
584923
584874
584860
584859
578593
578592
578591
578590
578129
578013
577994
577379
577202
577059
577058
577048
577005
576865
576849
576848
576847
576846
576845
576745
576617
576076
561765
561763
561762
561761
561760
561759
561477
560804
560590
560588
560556
560555
560554
560553
560312
560308
560273
559350
559214
559109
558536
558163
558156
558128
558084
558083
558076
557981
557506
557083
415973
411952
411409
410113
409756
408994
408451
408449
407810
407430
407386
406663
406610
406211
405928
405829
405826
405799
405675
405340
405337
405088
404841
404740
404701
404593
404465
404364
404327
404235
404234
403996
403995
403994
403843
403842
403841
403837
403811
403758
403516
403402
403285
402894
402893
402522
382364
382363
376246
355138
338449
337408
334716
334671
333628
333627
333534
333490
333183
332646
332645
332644
331992
331737
331736
331425
330611
330610
329747
329746
329735
329704
329190
329024
328963
328809
328292
328226
327883
327475
327474
327407
327381
327378
327157
327112
326726
326724
326679
326670
326284
326249
326124
325968
325967
325962
325958
325955
325952
325951
325928
325903
325896
325503
325502
325501
325303
325291
325290
325252
325225
324936
324750
324661
324606
324513
324511
324510
324480
324398
324275
324161
324160
324110
323968
323915
323839
323837
323827
323696
323286
323283
323166
323164
322961
322925
322822
322821
322790
322789
322787
322700
322642
322637
322636
322488
322475
322474
322473
322364
322339
322194
322082
321994
321906
321812
321809
321713
321678
321503
321173
321172
320969
320302
320301
320299
320087
320083
312723
306186
302974
302526
302525
301636
301635
301634
301633
301632
301580
301506
301484
301265
301010
300912
300886
300734
300566
300563
300476
300321
300318
300103
289069
281189
276315
276192
276191
275746
275701
275698
273268
271559
271383
267466
267369
266995
266934
266043
265876
265874
265873
265872
265821
265748
265481
265394
265346
265345
265338
265327
265321
264951
264949
243933
243346
242587
242479
224506
211568
201080
201079
201078
198610
198609
198608
196514
195329
195328
195326
195325
194950
194877
194872
194869
194835
194776
194572
194570
194567
194438
194114
193441
193356
193196
193194
193193
192778
192568
192439
192184
191870
191869
191578
149089
145070
144250
143713
143711
143708
143707
143704
143697
143155
143011
142696
142457
142436
141669
141668
141654
141423
141005
140585
140319
140213
140212
140108
139969
139968
139634
138774
109262
99787
97147
69364
69304
68851
68847
68131
67746
67594
67124
66964
66879
66765
66764
66123
20460
20071
17592
15523
15491
876742
875948
871346
871345
861072
860955
855422
840265
585578
585059
404676
404675
327425
320480
320477
320476
301598
193529
190540
880985
851463
847718
846253
846252
585973
584899
557712
403377
322359
321894
300530
584245
584244
576482
322109
300474
865359
851758
851755
850619
850616
577295
324111
322799
322798
68429
66470
861992
861991
404528
402694
321202
265658
852803
852801
850553
850551
840261
585053
585052
585051
577590
558140
321992
320475
320474
15935
846953
847797
576467
576466
576463
67188
847711
847705
847704
875781
875776
875775
865347
863655
847559
560744
140849
66458
66453
66452
66450
66448
66446
66439
66438
861985
861982
853913
853912
139763
854411
852795
846769
840244
559917
558139
277380
844825
194327
194324
194321
868111
863299
860570
860569
860568
860567
860566
860565
860564
860549
860548
854670
854637
848022
576739
557974
324635
322929
322363
266222
139502
402490
402488
320353
264981
10314709
10305102
859484
855152
846842
843874
843867
843864
322091
322088
139570
65691
65685
65682
65681
65672
859415
403410
403405
847693
846876
844758
836545
836541
324164
12260900
266661
194317
194315
577144
841694
841693
576247
576244
401900
320581
319265
319262
319261
319260
11648825
859476
847553
847550
843860
843845
843842
837319
837313
837312
837309
837306
585172
403508
403476
323660
322989
322987
321077
321076
139569
139189
65641
65640
65627
65626
65615
841314
403466
402749
402748
280134
278376
834227
279513
839905
402518
16211966
16211965
16211964
16211958
12335682
12159223
931193
929330
927348
924466
924465
920108
914357
912664
912645
910034
910033
906272
906263
906261
905833
905827
904520
904511
904510
900536
900533
900383
900382
899618
899616
899060
899056
898716
898299
897455
897451
897450
896241
895493
890754
890753
890751
890269
889316
888391
888385
888373
888002
887992
887989
886698
886347
886169
885101
885096
885095
883162
883102
883012
883008
882778
882777
882549
882548
882547
882546
882545
882544
882543
882542
882541
882540
882539
882538
882537
882536
882534
882532
882313
882311
881244
881241
881239
881237
880814
880497
879717
878626
878622
878607
878201
878200
878194
878173
878172
878140
878139
878136
877589
872240
872237
871133
870957
870900
870769
870432
870430
870278
870275
870023
869809
869807
869803
869799
869794
869659
869657
869471
869469
869468
869410
869400
869395
868842
868609
868608
868602
868601
868598
868590
868584
868184
868072
867669
867511
867510
867153
867152
867151
867150
867149
867106
867105
867101
867096
867086
867081
867080
867079
867076
867017
866288
865997
865992
865503
865333
865031
865024
865009
864982
864936
864930
864357
864269
864268
864073
863061
862239
862222
861782
861270
861008
861005
860733
860627
860622
860618
860370
860098
860095
859787
859505
859237
859142
858554
858547
858546
858541
858529
858499
858218
857524
857523
857401
857368
857358
857329
857186
856866
856770
856752
856680
856248
856157
855998
855997
855995
855530
855523
855453
855450
855280
855279
855141
855048
855046
855025
855020
855017
854699
854690
854669
854600
854599
854593
854592
854567
854456
854455
854452
853858
853838
853837
853836
853835
853787
853582
853581
853580
853557
853121
852978
852957
852855
852853
852760
852028
851678
851676
851635
851634
851465
850131
850098
850096
850094
850093
850092
850091
850090
850088
850087
850086
850085
850084
850083
850082
849530
849394
849390
849033
849031
849003
848916
848826
848730
848673
848668
848663
848657
848650
848548
848547
848497
847965
847730
847729
847726
847493
847486
847368
847110
847090
846931
846930
846929
846928
846927
846790
846789
846775
846391
846390
846332
846326
846171
846086
845426
845425
845424
845422
845273
845221
844934
844692
844691
844690
844689
844688
844687
844400
844397
844393
844339
844336
844330
844320
844279
844001
844000
843626
843412
843410
843403
843277
843276
843241
843218
843153
843152
843131
843108
843043
842993
842988
842968
842766
842558
842557
842556
842517
842514
842510
842499
842486
842423
842343
842042
841815
841805
841705
841493
841471
841468
841467
841455
841451
841449
840947
840811
840809
840573
840467
840217
839930
839862
839831
839829
839776
839768
839647
839609
839606
839600
839349
839341
839330
839328
839284
839279
839243
839238
839150
839111
838494
838190
838095
837769
837768
837765
837762
837758
837756
837579
832803
758055
630655
630653
630651
617134
616941
616130
614519
614516
613540
609884
609883
606403
606398
603268
603267
603266
603265
594823
594821
593496
593495
593251
587082
586427
585613
585596
584830
584828
584738
584725
584703
584392
584020
583656
580229
579614
579612
579611
579610
577386
577014
576776
576722
576583
576507
562028
560722
560604
560584
560101
559793
559396
559149
559144
558655
558638
558471
558457
557939
557918
557764
557740
557327
557312
415537
414663
414662
411743
411742
411123
409863
408447
408444
408442
408441
408439
408438
408437
407695
407573
406494
406434
406415
406394
406393
406392
406391
406104
405810
405743
405584
405583
405556
405440
405361
405003
404962
404810
404719
404718
404679
404674
404470
404447
404446
404315
404313
404247
404245
404243
404242
404108
403854
403846
403761
403760
403611
403243
403242
403241
403203
402879
402876
402859
402844
402843
402842
402833
402617
402606
402508
402502
402461
401752
360316
349885
341820
341817
337535
333720
333719
332097
331694
331195
331026
331025
331024
329382
329273
328559
328261
327864
327736
327174
327065
326434
326132
325995
325927
325899
325839
325838
325837
325790
325673
325494
325493
325286
325251
324966
324964
324679
324394
324391
324389
324280
324279
324278
324215
324196
324194
324193
324192
324191
324189
324187
324001
324000
323999
323997
323866
323835
323825
323819
323681
323680
323610
323597
323596
323593
323551
323282
323279
323196
323174
323146
323133
323116
322911
322553
322537
322476
322305
322302
322300
322298
322296
322234
322110
322075
322073
321916
321905
321712
321711
321710
321709
321708
321707
321706
321705
321703
321510
321460
321368
321233
321195
321108
321061
321005
320985
320972
320960
320946
320942
320940
320934
320931
320925
320921
320910
320876
320868
320817
320816
320691
320690
320547
320531
320525
320397
320343
320297
320294
309155
302534
302521
301858
301857
301316
301297
301235
300950
300827
300826
300740
300316
300240
300233
300209
289238
278949
276217
275693
275692
272702
272696
268663
266577
266015
266014
265630
265175
265041
265039
265038
265022
265021
264973
264970
264529
264525
263927
263926
263925
263918
263914
263907
199568
197712
196811
195053
195033
194713
193813
193354
193325
193319
192757
192507
191952
191788
191786
191538
190885
190883
190495
190283
162750
146868
141694
141693
141692
141339
141336
141004
140566
140417
140348
140347
140346
140345
140344
140343
140342
140341
140291
140268
140181
140150
139902
139832
139591
139525
139447
139393
139139
139131
139128
138730
138580
74955
72728
70188
69499
68637
68587
68545
67839
67731
67587
65933
45589
18836
17982
17975
17969
17913
17904
17284
16822
16032
15946
15301
911491
852964
852238
848107
847672
847670
847265
846462
843293
843287
840767
576510
576329
403696
403401
401903
320738
192007
143945
866167
866163
859493
847586
843799
841843
841841
758000
403619
321068
300838
65601
65599
65589
65566
65561
11643360
846685
837852
836527
403454
402545
323679
321993
265654
834216
576333
401945
839896
266657
266650
190692
840101
138789
866928
840417
576500
576319
576316
576311
319276
841565
841561
584514
584474
850496
850493
847580
837165
837164
836558
65523
851983
851981
851979
851978
851977
846557
846556
846555
846369
403475
323677
321971
321970
188621
849853
849852
584428
584425
401943
319355
282243
65458
190686
901650
852234
849838
847992
847989
847986
847984
843329
842066
838616
838615
835646
835278
835275
835271
835133
834730
403109
138262
576300
320735
319273
847878
847874
847871
847569
846278
837129
834996
834994
834993
189389
189237
138848
64904
64900
64898
64879
64871
64863
10304986
10236336
866966
851976
846357
300461
831138
831128
616809
557021
403753
190595
187939
138654
839880
402514
191931
584491
841719
576288
576284
576282
319268
319406
319404
841837
841445
837298
837115
837114
837090
837089
402729
320752
320751
319990
319989
319988
319986
319885
300178
189888
64835
64830
64829
846468
840429
836611
556864
299839
138793
840689
838445
838443
402647
834101
16688917
16688916
16688915
914738
900695
900376
899055
899054
899050
899047
892894
892893
892623
890874
890873
890246
890245
889304
883756
879474
877028
876926
876920
875242
869663
869457
869455
869391
869341
869340
867906
867123
867120
867119
864813
864812
864806
864805
864353
863687
862119
862116
862115
860466
860460
860458
860449
860446
859515
859513
859512
859510
859294
859257
858075
858069
857792
857519
857517
857515
857285
856898
856147
855516
855441
855433
855432
855131
855130
854793
854780
854777
854774
854754
854681
854355
854345
854344
853844
853706
853696
853692
853687
853685
853684
853682
853636
853628
853588
853587
853586
853577
853576
853575
853574
853573
853570
853569
853215
853162
851897
850908
850385
849655
849582
849580
848944
848939
848933
848928
848927
848922
848921
848060
848058
847920
847919
847851
846937
846151
846035
846034
846032
845856
845842
845366
845264
845248
845247
845245
845244
845236
845227
845225
845040
844964
844908
844905
844230
844115
844110
843896
843895
843894
843516
843515
843514
843484
843457
843453
843424
842936
842935
842922
842916
842915
842914
842355
842286
842196
842192
842180
842179
842119
842087
842026
841781
841538
841528
841406
841404
841390
841389
841264
841240
841216
841162
841018
840862
840858
840823
840796
840795
840727
840726
840724
840714
840625
840340
840229
839919
839780
839177
839167
839065
838257
838247
837863
837798
837797
837741
837688
837675
837659
837254
837048
837043
836741
836704
836697
836696
836683
836625