7346770
7342204
7342199
7312017
7312012
7050888
7050885
7050884
7043671
7039058
7329588
7329699
7330652
7329801
7322240
7036374
7036372
7342471
7327091
7327089
7043900
7035787
6458758
7312001
7311996
6950290
6916320
6460338
6460234
6801837
7336547
7336546
7330737
7322916
7322915
7313655
7313654
7036371
7033931
6895794
6797590
6458888
6171698
6171697
6171696
6118786
6118781
6118780
6118769
6118761
7310977
7310976
7031284
6273605
7300879
7031483
7342502
7342194
7341571
7341570
7341569
7341382
7341374
7335197
7333070
7329942
7329383
7329134
7327237
7326644
7322402
7321483
7315918
7042492
7039610
7032552
7032551
7030467
6979073
6977666
6977665
6976529
7336502
7340090
7334993
7334991
7334985
7322905
7322902
7322222
6895929
6796165
6272926
6118754
6118728
6118727
6118723
6118721
7322194
7322193
7311804
7310968
7310967
7310966
7198717
6798406
6796705
6796704
7342734
7029281
6975437
6272112
6272110
6272109
6275530
7329678
7340087
7322896
7322891
7041410
7036333
6895666
6799059
6799058
6799046
6799045
6799044
6799041
6118708
6118692
6118691
7299984
7035868
7029024
6796878
6796877
6796876
6796875
6796874
6796873
6796872
6796871
6796815
6948670
6895404
6121269
16030810
16030807
16030806
12338424
12263973
12263972
7349688
7349687
7349686
7349302
7349301
7349300
7349299
7349298
7349297
7348720
7348608
7348591
7348590
7348287
7348285
7348282
7348280
7348263
7348255
7347695
7347694
7347241
7346922
7346916
7346483
7346479
7346474
7346468
7346465
7345692
7345530
7345419
7344876
7344875
7344873
7344691
7344619
7344300
7344115
7344101
7344098
7344038
7344037
7343768
7343701
7343700
7343699
7343698
7343485
7343461
7343341
7343258
7343255
7343178
7343173
7343153
7343121
7342574
7342378
7341796
7341360
7341334
7341305
7341302
7341199
7340779
7340777
7340759
7340580
7340579
7340578
7340458
7340453
7340452
7340057
7340048
7340043
7340036
7339749
7339400
7339399
7339397
7339396
7339395
7339394
7339393
7339392
7339205
7339202
7339199
7339198
7339197
7339193
7339187
7339185
7339184
7339183
7339182
7339069
7339053
7338773
7338753
7338752
7338751
7338740
7338738
7338702
7338619
7338487
7338486
7338484
7338255
7338190
7337978
7337977
7337918
7337917
7337646
7337342
7337313
7337308
7336931
7336478
7336477
7336474
7336380
7336378
7336104
7335966
7335964
7335962
7335637
7335635
7335634
7335633
7335632
7335631
7335630
7335629
7335628
7335627
7335626
7335602
7335575
7335484
7335432
7335424
7335402
7335239
7335236
7335193
7335113
7335112
7335049
7335048
7334954
7334953
7334952
7334931
7334765
7334764
7334750
7334746
7334709
7334593
7334592
7334591
7334590
7334589
7334588
7334587
7334586
7334585
7334584
7334583
7334582
7334565
7334257
7334079
7334077
7334075
7334074
7334073
7333987
7333669
7333667
7333666
7333664
7333661
7333048
7333045
7332947
7332944
7332884
7332881
7332710
7332498
7332495
7332383
7332381
7332374
7332340
7331988
7331983
7331810
7331802
7331625
7331624
7331621
7331620
7331545
7331499
7331413
7331307
7331306
7331305
7331254
7330839
7330768
7330760
7330554
7330425
7330305
7330304
7329688
7329423
7329388
7328995
7328688
7328469
7328399
7328330
7328328
7328233
7328171
7328029
7328028
7328012
7328009
7328007
7328004
7328003
7327994
7327986
7327837
7326935
7326555
7326554
7326553
7326552
7326551
7326550
7326536
7326415
7326069
7326064
7325738
7325648
7325645
7325636
7325624
7325534
7324499
7324018
7324017
7323911
7323626
7323544
7322391
7322330
7321724
7321435
7321434
7321429
7321420
7321154
7321153
7321149
7321148
7321147
7321146
7321145
7321144
7321142
7321126
7321112
7321073
7320993
7320622
7320396
7320031
7319841
7319774
7319650
7319206
7319160
7319159
7319158
7318500
7318499
7318275
7317800
7317734
7317241
7317229
7316866
7316840
7316627
7316625
7316556
7316549
7316547
7316282
7316279
7316040
7316037
7316036
7316033
7316031
7316030
7316011
7315901
7315855
7315852
7315836
7315835
7315834
7315817
7315814
7315812
7315805
7315804
7315803
7315802
7315798
7314367
7314361
7313950
7313947
7313945
7312246
7312231
7311691
7311690
7311689
7311262
7310585
7310583
7310581
7310358
7310232
7310220
7310217
7310130
7310128
7310125
7310123
7307856
7307613
7307608
7307597
7307596
7307595
7307594
7307593
7307414
7307102
7307101
7307099
7305723
7305495
7305146
7305145
7305094
7305057
7304389
7302226
7299181
7299174
7200466
7200465
7200290
7200015
7199578
7199238
7199235
7199229
7199112
7197874
7185974
7052797
7049681
7049156
7047827
7047797
7046077
7046071
7045517
7045516
7045475
7045001
7044493
7043768
7042975
7042781
7042607
7042606
7042605
7042603
7041876
7041875
7041707
7041486
7041485
7041484
7041449
7041448
7041397
7041060
7041059
7040885
7040883
7040882
7040881
7040880
7040878
7040877
7040876
7040875
7040874
7040873
7040872
7040787
7040786
7040785
7040784
7040628
7040478
7040330
7040086
7039609
7039222
7039134
7039132
7038832
7038670
7038615
7038558
7038275
7038266
7038262
7038220
7038191
7038190
7038189
7038188
7038119
7038113
7037845
7037843
7037842
7037841
7037840
7037839
7037838
7037837
7037836
7037835
7037832
7037830
7037645
7037257
7037140
7036972
7036611
7036609
7036607
7036606
7036604
7036596
7036571
7036570
7036569
7036568
7035876
7035610
7035581
7035579
7035502
7035500
7035422
7035420
7035419
7035413
7035384
7034805
7034765
7034642
7034384
7034359
7034240
7034238
7034237
7034236
7034044
7033908
7033854
7033583
7033164
7032711
7032330
7032314
7032304
7032303
7032288
7032279
7032278
7032276
7032035
7032034
7031628
7031391
7031390
7031389
7031388
7031368
7031217
7031216
7031215
7031214
7031213
7031210
7031129
7031009
7030655
7030654
7030167
7030039
7029759
7028203
6985548
6981135
6980834
6979981
6979832
6979658
6979657
6979655
6979413
6979412
6979411
6979410
6978564
6978451
6978450
6978449
6978448
6978447
6978333
6978089
6977905
6977858
6977772
6977597
6977247
6976961
6976815
6976584
6976583
6976554
6976441
6976439
6976311
6976122
6976105
6976100
6976095
6976080
6975811
6975704
6965212
6953489
6953316
6952168
6951932
6951351
6950613
6950369
6949552
6949548
6949541
6949539
6948851
6948096
6947849
6947846
6947187
6947183
6947181
6947180
6922576
6921389
6918179
6918178
6918129
6918126
6918060
6916916
6916264
6915885
6915817
6915816
6915793
6915684
6915682
6915680
6915676
6915593
6915591
6915590
6915588
6915586
6915585
6915584
6915583
6915582
6915064
6914795
6914120
6914119
6914118
6914117
6895812
6895811
6895710
6895709
6895708
6895627
6895617
6895461
6821096
6813256
6810435
6808484
6808194
6807221
6806914
6806913
6806498
6805161
6804676
6804402
6803621
6803619
6802748
6802197
6802118
6802016
6801836
6801647
6801646
6801645
6801644
6801446
6801341
6801145
6801084
6801003
6800956
6800952
6800950
6800949
6800624
6800333
6800325
6800310
6800146
6800136
6800121
6800120
6800105
6800023
6799587
6799470
6799468
6799466
6799465
6799142
6799141
6798987
6798698
6798363
6798215
6797772
6797767
6797294
6797290
6797130
6797070
6796495
6796339
6796338
6796010
6795733
6795274
6764497
6764496
6759764
6759397
6759396
6753708
6461794
6460496
6460398
6460066
6459767
6459605
6459301
6459046
6459027
6459018
6458777
6458673
6458672
6458550
6458443
6458203
6285587
6285462
6284605
6281202
6280523
6280518
6280352
6279957
6279816
6279193
6278177
6277100
6276707
6276332
6276309
6275789
6275788
6275218
6274933
6274194
6274074
6274045
6273673
6273562
6273517
6273469
6273062
6272673
6272621
6212809
6212808
6212393
6212378
6212377
6212045
6211630
6211410
6211005
6193204
6185074
6185073
6185072
6180298
6176397
6176152
6176151
6176087
6175700
6175698
6175695
6175694
6175691
6175688
6175687
6175685
6175684
6175683
6174699
6173012
6172240
6172043
6171804
6171700
6170699
6153031
6122301
6121079
6120897
6120754
6120183
6119884
6119881
6119372
7335934
7335024
7335023
7335021
7038788
7038787
6978553
7334975
7324356
7322885
7034361
7034198
6801448
6118664
6118662
6118660
6118645
6118639
7300798
7299967
7299963
6795438
6271992
7290158
7329145
6916484
6799715
7312826
7344259
7313650
7302752
7046202
7046201
6797542
6118618
6118606
6118583
6118579
7342362
7314861
7314856
7314855
7314854
7311925
7299949
6797141
6796857
6795434
7290141
7329174
7312819
7029354
7347285
7347282
7347281
7341558
7340190
7330361
7329576
7329381
7326638
7322585
7322581
7315897
7313386
7307458
7307457
7296474
7032710
7032708
7030587
6804421
6275975
6273338
7313644
7302736
7301572
7031515
6795589
6794850
6794849
6794847
6794845
6794841
6794832
6794831
6272189
6118571
6118561
6118544
6118543
6118541
6118539
6118538
6118525
7311783
7311780
7307989
7289007
7289001
6975870
6171730
7308931
7290140
7027042
6917661
6977748
6976513
6915514
6915513
6914586
7339966
7334892
7334889
7334888
7334887
7334268
7334267
7301178
7331007
7330995
7198764
6272416
6272410
6272406
6272404
10254233
10253502
10253431
10253430
7340082
7301562
7300941
7029460
7029459
6803433
6797524
6118518
6118501
6118494
6118491
6118476
7311923
7307983
7288994
7288983
6795481
6793839
6793741
6269823
7319437
7290129
7290119
7033086
6945478
6279380
6170000
6913976
12338027
12263493
11611786
7348496
7348494
7347866
7347771
7347305
7347298
7347294
7347067
7347029
7346492
7346410
7346407
7346279
7345538
7345536
7345528
7345365
7344696
7344432
7344340
7344336
7344186
7344185
7344184
7344183
7343953
7343334
7343224
7343136
7343135
7343134
7343130
7343128
7342940
7342888
7342451
7342450
7342449
7342422
7342292
7342291
7342289
7342288
7342287
7342024
7341703
7341690
7341686
7341601
7341472
7341471
7341455
7341443
7341404
7341398
7341147
7341144
7341142
7340975
7340940
7340853
7340852
7340476
7340475
7340276
7340274
7340181
7340180
7339608
7339603
7339600
7339561
7339427
7339291
7339148
7338880
7338850
7337973
7337912
7337908
7337907
7337290
7337289
7337262
7337128
7336644
7336295
7335591
7335180
7335179
7335154
7335062
7335060
7334724
7334580
7334579
7334578
7334577
7334394
7334323
7334280
7334279
7334278
7334256
7334167
7333686
7332887
7332886
7332737
7332705
7332685
7332435
7332433
7332147
7331199
7331194
7331186
7330807
7330433
7330419
7330411
7329920
7329593
7329589
7329349
7328993
7328992
7328991
7328833
7328556
7327751
7327738
7327737
7327504
7326632
7326625
7326557
7326556
7326513
7325746
7325630
7325627
7325338
7325316
7325309
7325285
7324942
7324941
7324940
7324655
7324649
7324262
7323972
7323583
7323529
7323528
7323527
7323057
7323055
7323054
7323053
7323052
7323050
7323049
7323048
7323047
7323046
7323045
7323044
7322763
7322757
7322756
7322748
7322526
7322316
7322141
7321785
7321536
7321394
7321252
7321250
7320995
7320969
7320782
7320669
7320660
7320092
7320055
7319989
7319986
7319981
7319977
7319976
7319550
7319517
7319480
7319167
7318626
7317985
7317648
7317639
7317301
7317226
7317219
7317148
7317147
7317144
7317124
7316711
7316542
7316541
7316536
7316531
7316530
7316407
7316375
7316264
7316140
7316021
7315867
7315865
7315864
7315860
7314898
7314897
7314895
7314893
7314892
7314891
7314890
7314889
7314888
7314569
7314559
7314385
7314383
7314382
7314378
7314374
7314372
7314317
7314316
7314315
7314312
7314224
7313492
7313489
7312474
7312464
7312454
7312453
7312451
7311283
7311281
7311276
7311256
7310862
7310848
7310813
7310502
7310498
7310346
7310176
7310173
7310089
7310086
7310074
7309855
7309852
7309851
7309511
7309510
7309509
7309459
7309244
7309243
7309242
7309235
7308729
7308684
7308529
7308504
7308453
7307688
7307687
7307576
7307575
7307571
7307445
7307394
7307121
7306847
7306765
7306454
7306453
7305796
7305795
7305703
7305590
7305581
7305580
7305578
7305570
7305425
7305141
7305137
7305124
7304823
7304818
7304664
7304663
7304661
7304657
7304656
7304654
7304646
7302845
7302834
7302650
7302637
7302627
7302493
7302486
7302113
7301241
7301239
7301238
7300448
7300411
7300401
7300009
7299934
7299924
7299867
7299866
7299862
7299787
7299566
7299554
7299553
7299552
7299551
7299550
7299351
7299350
7299267
7299266
7299262
7299246
7299019
7298932
7298930
7298850
7297858
7297512
7297423
7297379
7297157
7297149
7297147
7297015
7297013
7297003
7296250
7295574
7294935
7294928
7294926
7294681
7294565
7294547
7294544
7294264
7294263
7294260
7294085
7294012
7294011
7294005
7293980
7293977
7293914
7291576
7291569
7291560
7286571
7285304
7218730
7218729
7201668
7200631
7200481
7200188
7199881
7199589
7198925
7198579
7198298
7198219
7198108
7186717
7186715
7186714
7186712
7052322
7052268
7052267
7052243
7052238
7048476
7046270
7043707
7043706
7043704
7043703
7043420
7042556
7042553
7042237
7041920
7041437
7041436
7041429
7040933
7040217
7039887
7039808
7039434
7039432
7039431
7039430
7039267
7038975
7038853
7038215
7038214
7037354
7037141
7036809
7036593
7036592
7036591
7036590
7036587
7036560
7036510
7036224
7035849
7034914
7034833
7034662
7034641
7034634
7034573
7034563
7034546
7034458
7034410
7034125
7033914
7033778
7033776
7033775
7033769
7033645
7033529
7033202
7033201
7033159
7033116
7032718
7032679
7032628
7032539
7032538
7032424
7032296
7032294
7032057
7032033
7032026
7031584
7031577
7031547
7031545
7031331
7031329
7031252
7031251
7031250
7031172
7031141
7031088
7031087
7031086
7031008
7030964
7030961
7030959
7030864
7030647
7030571
7030570
7030282
7030251
7030249
7030244
7030163
7030159
7030079
7030073
7030064
7029768
7029767
7029723
7029722
7029721
7029720
7029719
7029718
7029700
7029324
7029007
7029002
7028844
7028806
7028439
7028437
7028180
7028081
7028077
6985449
6979409
6979332
6979082
6978838
6978772
6978724
6978483
6978141
6977933
6977710
6977034
6976576
6976575
6976557
6976511
6976346
6976042
6976041
6975919
6975792
6975791
6975686
6975401
6975363
6975097
6975039
6975035
6975018
6975016
6975008
6975006
6975001
6974996
6960177
6960176
6953616
6953601
6953540
6951568
6951561
6950185
6950130
6949055
6949020
6949005
6948959
6948749
6948216
6948146
6948064
6947570
6947567
6947198
6947016
6946728
6946375
6945903
6927606
6919178
6918111
6916854
6916598
6916438
6915342
6915338
6915037
6915020
6915019
6915018
6915017
6914996
6914900
6914430
6914319
6914157
6913362
6913100
6896769
6896297
6896243
6895881
6895660
6895659
6895298
6895278
6820181
6820103
6806955
6806131
6806035
6806025
6806024
6806022
6805456
6805134
6805066
6805064
6805054
6804920
6803814
6803223
6802997
6802996
6802992
6802042
6801589
6801588
6801535
6801155
6801154
6801153
6801152
6801151
6800625
6800150
6800103
6799874
6799687
6798924
6798665
6798546
6798529
6798505
6798299
6797929
6797919
6797918
6797793
6797211
6796985
6796914
6796694
6796642
6796628
6796627
6795981
6795724
6795723
6795262
6795232
6795229
6794991
6794542
6794406
6755471
6751740
6751739
6461578
6461478
6460600
6460397
6459764
6459763
6459761
6459745
6459692
6459691
6459579
6459489
6459426
6459425
6459317
6459287
6459166
6459163
6459057
6458964
6458959
6458363
6458258
6458253
6457902
6457858
6457316
6293129
6285214
6280912
6280015
6278350
6278175
6277442
6277223
6277078
6275778
6275727
6275656
6275337
6275190
6274725
6273563
6273473
6273452
6273323
6273315
6273079
6272972
6272564
6271936
6271703
6271448
6242711
6216639
6213476
6213473
6212802
6212800
6212798
6211699
6210522
6210497
6210496
6176348
6175027
6174284
6173009
6172994
6172917
6172773
6172189
6171520
6170597
6170378
6121366
6120809
6119989
6119870
6118353
6117940
7330346
7330344
7321982
7318367
7314838
7314836
7314834
7314833
7314634
7314630
7302724
7302548
7302546
7301559
7301156
7301155
7301151
7301149
7301147
7041408
7036254
7032833
6794807
6794797
6458957
6170851
6117769
6117752
6117744
6117737
6117728
7339961
7339959
7339956
7339955
7339954
7339952
7324477
7297436
7028443
7278925
6974306
6914620
6798513
6458033
7324246
7321652
7033691
7302544
7290981
7290976
6794790
6794786
6794769
6794764
6117723
6117714
6117691
7288974
7285825
7285824
6793739
7344801
7298003
7278924
7278916
6916580
6168911
7321719
7303844
7197855
7029510
6801162
7324238
7324229
7034336
6275519
6275516
6275515
7324353
7313629
7313628
7292202
7290969
7290963
7290962
7290961
7027180
7027179
6794754
6794747
6457399
6116972
6116955
7341681
7311764
7289974
7277670
7277668
7277656
7275089
7024580
6792380
6792379
7330337
7330336
7330332
7316949
7308926
7308925
7308922
7306892
7303785
7282820
7197852
7036252
6976610
6798400
6796248
6458445
6281222
6268975
6210648
7321708
6913039
6913037
7312802
7290467
6793938
6457260
7324218
7321647
7313621
7312020
7290958
7290953
7280915
7031871
6798337
6797063
6794238
6793199
6793190
6793189
6280334
6116943
6116915
6116912
6116903
7277653
7277645
6895094
6793824
10283849
10283848
10283847
10283846
10258575
10253834
10253466
10253453
10253215
10253180
10253071
7278895
7024804
7321704
6913024
6798374
7312798
7335532
7303293
7033878
7336541
7336539
7336537
7302542
7302539
7300776
7300774
7300773
7290948
7290941
7290939
7280906
7280905
7039078
7029231
6793165
6457993
6272074
6272073
6116888
6116886
6116885
6116881
6116874
6116855
7303705
7277630
7277620
7274072
7029926
7025208
6795459
6795458
6268954
6268854
25528819
20443238
18792760
12336996
12264524
12263464
7348251
7348250
7348249
7348248
7348247
7348186
7346808
7346519
7346514
7346512
7346510
7346448
7346447
7346440
7345704
7345591
7345586
7345557
7345454
7345451
7345406
7345042
7344957
7344955
7344761
7344589
7344579
7344571
7344311
7344309
7344308
7344087
7344021
7344019
7343690
7343072
7342464
7342461
7342456
7341957
7341955
7341953
7341950
7341860
7341587
7341172
7341171
7341169
7341168
7341167
7341166
7341165
7341126
7341088
7340746
7340737
7340725
7340724
7339621
7339517
7338975
7338974
7338973
7338972
7338971
7338970
7338929
7338831
7338827
7338673
7338407
7338402
7338397
7338377
7338373
7338283
7338066
7337869
7337868
7337866
7337614
7337613
7337612
7337609
7337606
7337605
7337604
7337595
7337305
7337300
7336121
7336063
7336051
7336050
7335773
7335772
7335771
7335770
7335769
7335768
7335568
7335566
7335094
7335093
7335092
7335090
7335034
7334800
7334796
7334792
7334791
7334790
7334789
7334788
7334787
7334786
7334785
7334784
7334783
7334782
7334781
7334780
7334779
7334575
7334574
7333431
7332985
7332983
7332689
7332659
7332656
7332250
7332014
7331615
7331614
7331613
7331610
7331608
7331604
7331601
7331278
7331276
7331274
7331271
7330792
7330756
7330755
7330754
7330753
7330752
7330751
7330567
7329938
7329931
7329906
7329903
7328990
7328945
7328944
7327710
7327709
7326916
7326915
7326726
7326656
7326653
7326178
7325890
7325454
7325445
7325438
7325151
7325146
7325095
7325089
7323649
7323334
7322765
7322709
7322707
7322700
7322686
7322683
7320978
7320962
7320582
7320018
7319763
7319332
7318806
7318800
7318442
7318441
7318231
7317975
7317319
7316057
7316048
7314830
7314827
7314820
7314759
7314705
7314701
7314409
7314402
7314401
7314400
7313930
7313705
7313704
7313686
7313682
7313374
7312862
7312861
7312860
7312859
7312858
7312857
7312855
7312854
7312853
7312852
7312851
7312850
7312849
7312848
7312847
7312846
7312845
7312844
7312843
7312636
7312510
7312507
7311422
7311407
7311405
7311354
7311333
7311327
7311326
7311322
7311313
7311309
7311217
7311059
7310916
7310910
7310756
7310607
7310253
7310251
7309893
7309448
7309447
7309310
7309135
7308772
7308182
7308181
7308085
7307420
7306741
7306463
7305734
7305525
7305521
7305520
7305517
7305472
7305421
7305416
7305414
7305237
7305235
7304065
7303782
7303580
7303571
7303566
7303564
7303521
7303512
7303311
7303310
7302827
7301160
7300099
7299506
7299418
7299365
7299364
7298940
7298551
7298550
7298531
7298332
7298195
7298192
7298190
7298189
7298187
7298176
7298070
7298048
7297369
7297362
7297358
7297199
7297198
7296332
7296256
7296255
7296254
7296253
7296252
7295548
7294514
7294509
7294506
7294503
7294206
7294199
7294116
7294040
7294038
7294032
7293989
7293988
7293976
7293975
7293971
7293970
7293968
7293967
7293933
7292834
7292811
7292594
7292593
7292474
7292080
7292071
7292063
7291785
7291784
7291546
7291538
7291089
7291088
7290253
7290112
7290111
7289704
7289702
7289344
7288219
7288213
7288212
7288211
7288180
7288179
7288178
7288177
7288170
7287961
7287957
7287904
7287895
7287804
7287803
7287793
7286458
7286113
7285735
7285423
7284725
7284283
7283574
7283568
7283567
7283559
7283510
7283452
7283313
7283312
7283311
7283310
7283305
7283294
7283059
7282814
7282757
7282749
7282746
7282745
7282741
7282738
7281007
7281006
7280947
7280938
7280105
7280096
7279344
7279335
7277534
7277531
7277124
7277118
7277112
7277103
7277093
7277012
7276882
7276881
7276570
7275064
7273899
7273893
7273892
7273578
7273576
7273380
7266642
7266633
7262529
7262528
7262524
7244009
7244007
7200020
7198653
7198338
7198337
7198221
7198084
7197462
7197379
7197008
7052795
7050954
7048376
7046262
7046260
7044292
7043077
7042666
7041657
7040304
7040120
7040095
7039784
7039594
7039591
7039590
7039588
7039587
7039375
7039144
7039140
7038849
7038548
7038447
7038356
7038301
7038299
7038298
7038185
7037571
7037126
7036744
7036602
7036601
7036599
7036598
7036530
7036449
7036382
7036381
7036352
7036319
7036128
7036124
7035470
7034920
7034919
7034601
7033911
7033313
7033225
7032501
7032334
7032204
7032203
7032102
7032100
7032090
7032042
7031962
7031928
7031925
7031816
7031640
7031556
7031235
7031094
7031032
7030881
7030732
7030577
7030576
7030575
7030574
7030561
7030494
7030377
7030183
7029890
7029704
7029703
7029617
7029117
7028667
7028602
7028428
7028335
7028215
7028208
7028207
7028079
7028074
7027805
7027787
7027771
7027769
7027586
7027585
7027559
7027451
7027450
7027446
7027310
7027038
7026901
7026806
7026674
7026647
7026605
7026204
7026203
7025959
7025799
7025777
7025769
7025763
7025721
7025316
7025307
7025063
7025062
7024563
7024502
7024407
7023742
7022218
6984478
6980832
6980831
6980485
6980208
6977648
6977248
6977191
6977190
6977189
6977188
6977187
6977186
6977185
6976057
6975938
6975924
6975920
6975781
6975215
6975113
6975037
6974991
6974967
6974965
6974964
6974921
6974412
6951215
6950726
6950444
6949912
6948554
6948421
6947128
6946936
6946521
6946359
6946358
6946357
6946072
6946057
6946056
6945929
6945801
6945647
6945495
6945494
6945491
6945081
6926664
6916991
6916990
6916989
6916528
6916526
6916525
6916523
6915244
6915241
6914983
6914981
6914553
6914457
6914404
6914025
6914006
6913841
6913747
6913464
6913377
6912761
6896064
6895813
6895800
6895799
6895798
6895797
6895796
6895567
6895563
6895495
6895343
6895342
6895341
6895231
6895230
6895156
6895155
6808532
6808224
6807917
6807519
6806970
6805418
6805240
6805239
6805238
6805237
6805236
6805235
6805234
6805233
6805232
6805231
6805136
6804542
6803737
6803336
6803329
6803028
6802961
6802557
6802119
6801678
6801452
6800925
6800921
6800892
6800611
6800165
6800164
6800163
6800162
6800042
6800041
6798741
6798679
6798540
6798249
6798248
6798231
6798041
6797806
6797804
6797798
6797077
6796955
6796681
6796539
6796320
6796025
6795558
6795544
6795240
6795234
6795173
6795121
6794858
6794856
6794855
6794372
6794347
6794345
6794122
6793679
6793655
6793632
6793623
6793121
6792991
6792963
6792731
6792729
6792327
6787626
6765820
6757648
6755602
6755599
6754678
6754585
6461626
6460884
6460883
6460792
6459664
6459562
6459079
6458810
6458732
6458730
6458674
6458367
6458151
6457616
6457521
6457227
6456860
6456708
6456668
6456667
6456563
6456561
6282199
6282194
6282192
6281555
6281221
6280109
6279492
6279068
6278571
6278570
6278569
6278568
6278567
6278566
6278563
6278562
6278561
6278221
6278035
6277111
6277110
6277023
6277022
6277021
6276608
6275081
6274376
6274210
6274103
6274102
6274041
6273054
6273053
6273052
6273051
6273050
6273049
6273048
6273047
6273046
6272419
6271882
6271678
6271445
6271444
6271443
6269868
6269475
6269429
6268768
6212560
6212375
6211728
6211727
6211724
6211719
6211716
6211133
6179207
6179204
6179110
6177187
6175570
6175300
6175299
6173925
6173911
6171927
6171925
6171490
6171039
6170582
6170567
6170153
6168748
6124959
6121351
6120579
6120113
6120112
6119900
6119364
10253358
7346760
7346758
7346756
7336406
7336402
7336401
7330327
7330324
7330323
7330319
7321698
7321696
7321693
7317176
7202187
7036250
7033696
7026142
6976176
6976175
6955757
6798343
7279269
6269024
7314289
7314287
7314282
7336531
7312601
7290229
7280900
7280899
6794736
6794733
6794714
6794712
6116070
6116065
6116041
7329144
7329139
7329138
7329137
7300647
7265451
7265449
7265447
7265443
7265437
7199107
7021895
7021893
6792533
6792494
7266615
6947872
6790993
7321691
7321689
7029364
6913002
7279871
7291905
7036115
7029845
6977132
6794861
7336395
7303837
7340067
7340065
7340063
7300761
7290935
7290926
7290450
7280892
7280640
7280638
6974851
6803432
6795429
6794001
6791755
6791749
6117019
6116098
6116087
7289845
7289844
7196465
7196464
6894948
6792490
6270807
6270802
7266604
7266601
7024068
6117870
7306163
7028261
6947631
6912564
6912558
7331348
7316947
7316944
7313384
7313218
7311951
7303713
7293305
7284938
7282800
7282793
7282789
7263476
7263473
7031794
7031458
7025636
7023655
6273985
7335519
7335518
7303268
7303267
7038640
7038639
7312347
7291960
7280890
7279653
7279649
6974342
6793146
6793129
6168878
6116022
6116021
7343273
7335118
7335117
7300642
7280536
7265413
7265405
7038506
6792486
7339928
7311649
7311648
7286877
7286875
7266589
7266586
7022209
6894964
6790985
6116657
7311678
6945513
6912532
10313902
10253825
10253314
10252718
10252717
10252716
7266920
7329857
7329855
6799943
7301384
7029405
7324343
7300752
7300742
7300737
7030699
7030695
7030692
7030690
7025262
6975423
6790114
6269005
6115293
6115269
6115253
7303693
7289833
7289832
7278802
7265401
7265398
7265385
7261943
7021884
6792529
6792527
6790733
7254262
7254260
7254259
7254258
7023681
7300521
7300520
7300517
6912521
6912520
6912519
6912518
6912517
6911647
19810173
19810169
19810167
19803013
19803011
19803010
19803009
19803008
19803007
19803006
19803005
19803004
19803003
19803002
19802995
19802994
19802983
19802981
19802977
19802975
19802974
19802972
19802971
19802969
19802967
19802966
12287233
12280815
12280041
12263393
7348156
7348149
7346700
7346694
7346080
7345650
7345644
7345437
7345359
7345078
7345075
7345074
7345072
7344988
7344198
7344008
7343985
7343984
7343978
7343977
7343599
7343073
7343067
7343060
7342624
7342324
7342321
7342061
7342007
7341116
7341103
7341030
7340898
7340897
7340896
7340363
7340120
7340118
7340115
7339832
7339831
7339830
7339829
7339828
7339827
7339821
7339820
7339812
7339811
7339810
7339809
7339808
7339807
7339806
7339805
7339804
7339803
7339802
7339801
7339800
7339799
7339798
7339797
7339795
7339771
7338120
7338114
7337008
7336681
7336423
7335333
7335327
7334875
7334863
7332140
7332139
7332138
7332005
7332004
7331924
7331715
7330599
7330296
7330292
7329901
7329892
7329377
7329369
7329200
7329199
7329198
7329197
7329196
7329195
7329158
7329002
7329001
7329000
7328999
7328971
7328951
7328756
7328755
7328754
7328753
7328752
7328751
7328750
7328749
7328748
7328538
7327659
7326898
7326187
7326186
7326090
7326089
7326088
7326087
7326086
7325917
7325915
7325901
7325875
7325868
7325494
7325458
7325191
7325186
7325131
7324916
7324613
7324398
7324396
7323608
7323607
7323605
7323602
7323476
7323462
7322933
7322431
7322430
7322429
7321850
7321845
7321843
7321201
7320554
7320311
7319612
7319584
7319578
7319574
7319573
7319278
7318724
7318712
7318469
7318468
7318245
7318244
7318243
7318242
7317810
7316611
7316574
7316571
7315823
7315821
7315073
7314966
7314963
7314435
7314420
7314419
7314256
7314255
7314254
7314253
7314251
7314250
7314249
7314243
7314238
7314051
7313884
7313548
7311437
7311436
7311434
7311293
7311075
7311065
7311060
7310789
7310786
7310783
7310770
7310419
7310154
7309614
7309612
7309611
7309128
7308985
7308843
7308835
7308834
7308833
7308832
7308827
7308826
7308547
7307489
7307361
7307154
7306776
7306361
7306248
7306247
7305749
7305322
7305321
7304729
7304570
7304569
7304172
7304036
7304035
7304029
7303891
7303887
7303879
7303626
7303621
7303598
7303596
7303529
7303528
7303426
7303419
7303413
7303411
7303401
7303399
7303388
7303382
7303364
7303324
7302967
7302688
7302101
7301824
7301823
7301822
7301821
7301820
7301819
7301818
7301816
7301815
7301814
7301813
7301812
7301810
7301809
7301507
7301504
7301499
7301496
7301435
7301331
7301328
7301067
7300220
7300216
7300213
7300165
7300155
7300147
7300135
7298708
7298704
7298238
7297906
7297208
7297114
7297111
7294872
7294871
7294760
7294704
7294697
7294694
7294677
7294670
7294106
7294094
7293388
7293301
7293300
7292205
7291512
7290776
7290774
7290116
7290102
7289829
7289828
7289559
7289438
7289437
7289436
7289435
7289425
7288115
7287892
7287890
7287889
7287887
7287886
7287885
7287840
7287838
7287601
7287189
7287188
7287187
7287182
7285473
7285461
7285459
7285222
7284925
7284908
7284907
7284905
7284674
7283809
7283344
7283272
7283270
7283264
7283257
7283256
7283035
7283033
7283022
7283019
7282982
7282737
7282666
7282659
7282658
7282631
7282618
7281464
7281461
7281459
7281159
7281157
7280766
7280765
7280538
7279488
7279471
7279328
7278620
7278328
7278324
7277581
7277539
7277490
7276636
7276635
7276478
7276477
7275585
7275559
7275534
7275529
7273983
7273980
7273876
7273874
7273600
7273543
7273542
7273538
7272949
7272702
7272686
7272267
7272213
7271556
7271552
7271549
7271547
7271412
7271410
7271404
7271398
7271191
7271108
7271107
7271106
7271002
7271001
7270617
7270616
7270609
7270461
7270396
7270392
7268631
7268614
7268613
7267471
7267467
7266960
7266949
7266463
7266457
7266455
7264825
7264820
7264812
7264807
7264797
7264796
7264788
7264433
7264365
7264170
7263978
7263972
7254649
7254648
7254647
7250646
7198985
7198656
7198628
7198626
7198625
7198624
7198623
7198622
7198621
7198620
7198513
7198300
7198000
7197859
7197610
7197398
7196836
7196539
7196537
7196534
7196425
7185971
7185970
7185966
7185965
7185964
7185510
7185509
7052914
7052279
7052278
7049269
7046215
7046214
7045959
7044515
7043810
7042012
7042011
7042010
7041427
7041219
7039876
7039875
7039874
7039249
7039247
7038039
7038037
7036839
7036370
7035779
7035778
7035776
7035716
7035714
7034708
7034701
7034603
7034405
7034218
7033909
7033763
7033661
7033589
7033149
7033123
7033054
7032880
7032848
7032020
7032019
7032018
7031996
7031921
7031589
7031245
7031244
7030610
7030609
7029985
7029978
7029905
7029893
7029869
7029866
7029708
7029615
7029613
7029612
7029520
7029448
7029251
7029250
7029128
7029127
7029088
7029084
7028783
7028758
7028655
7028654
7028601
7028528
7028417
7028386
7028086
7028002
7027964
7027920
7027919
7027879
7027798
7027155
7027039
7026962
7026918
7026915
7026860
7026778
7026604
7026603
7026602
7026600
7026598
7026597
7026474
7026467
7026449
7026446
7026106
7025811
7025664
7025623
7025620
7025619
7025611
7025600
7025597
7025376
7025237
7024861
7024719
7024571
7024561
7024481
7024433
7024311
7024248
7023888
7023839
7023650
7023599
7023410
7023394
7023341
7023283
7022728
7022706
7022509
7022038
7021784
7021782
7021717
7020995
7020979
7020936
7020711
7019767
7019766
6984160
6979771
6978581
6977687
6976787
6976454
6976333
6976321
6976286
6976218
6975899
6975523
6975434
6975432
6975393
6974480
6974477
6974465
6974205
6974184
6973943
6973636
6973618
6965164
6963822
6963821
6963818
6963817
6963815
6960338
6951777
6951339
6951336
6951157
6951120
6950865
6950468
6950146
6949990
6949987
6948969
6948471
6948091
6947623
6947547
6947542
6947539
6947522
6947351
6946636
6946045
6945637
6945537
6945530
6945124
6944622
6944621
6944620
6944569
6944443
6944136
6944034
6943360
6942848
6926688
6926682
6922063
6916559
6916557
6915325
6915323
6915140
6915130
6914770
6914469
6913770
6913769
6913766
6913550
6913547
6913545
6912860
6912812
6912802
6912319
6912237
6911995
6897895
6895507
6895355
6895337
6895272
6895186
6895131
6895093
6895016
6895015
6895014
6895005
6895004
6894788
6821095
6821094
6820734
6815623
6812172
6806869
6805078
6804063
6803861
6803860
6803859
6803858
6803117
6802915
6801194
6800736
6799919
6799915
6799892
6799669
6798959
6798899
6798822
6798242
6798240
6798148
6798146
6797938
6797936
6797357
6797146
6797116
6796752
6796683
6796682
6796555
6796193
6795989
6795825
6795584
6795145
6795144
6795143
6795141
6795104
6793992
6793730
6793620
6793619
6793618
6793514
6793276
6793031
6793030
6792936
6792913
6792360
6792317
6792244
6792238
6792047
6791928
6790621
6764494
6764493
6762639
6755398
6750700
6750697
6461912
6461443
6461036
6461031
6459469
6459296
6459183
6458233
6458186
6458014
6457973
6456834
6456833
6456663
6456662
6456260
6456143
6456034
6455950
6455765
6455508
6455146
6455145
6295126
6283582
6281923
6279717
6276586
6274974
6274816
6274303
6272350
6272349
6271303
6271107
6270475
6270049
6269443
6269426
6269425
6269116
6269042
6268899
6268715
6268699
6268571
6268354
6267975
6267570
6212339
6212331
6185069
6174595
6174594
6174592
6174591
6174589
6174588
6174587
6174586
6172877
6172393
6171453
6171232
6171000
6170976
6170930
6169991
6169117
6168022
6117924
6117635
6116695
6116675
6116470
6115104
7311946
7285543
7285542
7036111
6793283
7301378
7301373
6794180
7324370
7324368
7280636
7268598
7034362
6790101
6790099
6790091
6790083
6115235
6115212
7278794
7278792
7253184
7253180
7253178
7253173
7021117
7019471
6792481
6792480
6265660
7274940
6797829
6789206
6267475
6946305
6946304
6946303
6895540
7303234
7303227
7303226
7301368
7300732
7300719
7256486
7029225
7029224
6792701
6790072
6790062
6790056
6790049
6115194
6115183
6115170
6115169
6115160
7278601
7278599
7261930
7261929
7253165
7253159
7019467
6790932
6790931
6790930
6788966
6267438
7268741
7268740
7268739
7254295
7254287
7254284
7321674
6942863
6169082
7329840
7329838
7024625
7345770
7340155
7340150
7340147
7340098
7313207
7290420
7290416
7290415
7287550
7285538
7281155
7281154
7270607
7270604
7270602
7256478
7041434
7041431
7027015
7024825
6975955
6794235
6790018
6790015
6789463
6115151
6115123
6115120
6115119
7278597
7261926
7261905
7253137
6790928
7274929
7254269
7322940
7281147
7033939
7025345
6798556
10257850
10253072
10252911
10252601
10252369
10252268
10252266
7289955
7289939
7289935
7039079
7026998
6789988
6114359
6114354
6114330
7278940
7278939
7278938
7254129
7253121
7253119
7253112
6792543
6790927
6790926
7279636
7278455
7278453
7040062
7040059
7025195
6456543
23875217
12337622
12337621
12311302
7347476
7346680
7345761
7345753
7345751
7345632
7345436
7345430
7342952
7342949
7342946
7342944
7342254
7342250
7341163
7340933
7340926
7339147
7339146
7339145
7339144
7339137
7338143
7336115
7336113
7331333
7330559
7330556
7330315
7328524
7325923
7325484
7325483
7325482
7324577
7323835
7323825
7322982
7322929
7322928
7322506
7322502
7322500
7321486
7321316
7321197
7321196
7321194
7321174
7320805
7319918
7319781
7319395
7319390
7319382
7316109
7315349
7315348
7314039
7313268
7313267
7312181
7311484
7311464
7311461
7311212
7309941
7309222
7309217
7309182
7308641
7308640
7308337
7307145
7307127
7306327
7306316
7306315
7304565
7304551
7303306
7303305
7302446
7302445
7302443
7301698
7301697
7300548
7300191
7300188
7300186
7300185
7300178
7300175
7300174
7300173
7300172
7300171
7300170
7299890
7299725
7299724
7297464
7297009
7296132
7295954
7295534
7295528
7294755
7294754
7294634
7294480
7294475
7294468
7294464
7294330
7292949
7292887
7292881
7292878
7292877
7292874
7292809
7292613
7292612
7291183
7291182
7291181
7291180
7291179
7291178
7291177
7291176
7291175
7291174
7291173
7291172
7291170
7291168
7291167
7290332
7290073
7290042
7289529
7289522
7289521
7289519
7289409
7288912
7288793
7288791
7288790
7287492
7287482
7287481
7287478
7287458
7286966
7286682
7286475
7283420
7283067
7281981
7281979
7281977
7281856
7281652
7281152
7278879
7278848
7278846
7278547
7278028
7278026
7278016
7277152
7277150
7277135
7277066
7276978
7276634
7276633
7276629
7276625
7276624
7276623
7276151
7276147
7275884
7275698
7275579
7275574
7275317
7273683
7273682
7273404
7273163
7273158
7272879
7272876
7272797
7272707
7272704
7272680
7272676
7272675
7272673
7272136
7271493
7271487
7271299
7271298
7271296
7271295
7271077
7270555
7270521
7270515
7270510
7270509
7270505
7270504
7270499
7270478
7269859
7269856
7269517
7269516
7269515
7269514
7269513
7269509
7269024
7269016
7269011
7268506
7268487
7268482
7268479
7268019
7268016
7268012
7267220
7267180
7266811
7266206
7265369
7265368
7265364
7265339
7265336
7265287
7265188
7265166
7265163
7264835
7264759
7264497
7264495
7264458
7264406
7264157
7264126
7262534
7261840
7261517
7261484
7260686
7260683
7260548
7259622
7259612
7259520
7259389
7259387
7259386
7259384
7259350
7259345
7259336
7259333
7259239
7258887
7258885
7258884
7258835
7258829
7258828
7258825
7258741
7258739
7258540
7258266
7258216
7258075
7256544
7256464
7256461
7255737
7255714
7255712
7255704
7253690
7253687
7253367
7252710
7252691
7252689
7252680
7252676
7252554
7252553
7252456
7252146
7252139
7252138
7252001
7249773
7249494
7248904
7247824
7244988
7244986
7239142
7217152
7217140
7217138
7198659
7198591
7197911
7197425
7196693
7196519
7196309
7188573
7187613
7186600
7186599
7049774
7049773
7043693
7040773
7036545
7036543
7036542
7035663
7034610
7034609
7034608
7034607
7033952
7033615
7033614
7033491
7032767
7032185
7032051
7031851
7031809
7031806
7031364
7030945
7030942
7030060
7029960
7029707
7029411
7029178
7029125
7028352
7028349
7028348
7028229
7028084
7027915
7027914
7027845
7027647
7027591
7027251
7027123
7027018
7026992
7026892
7025754
7025752
7025311
7025298
7025174
7024803
7024621
7024317
7024304
7024303
7024243
7024179
7024178
7024177
7024176
7024175
7024174
7024173
7024172
7024132
7024130
7023602
7023601
7023600
7023532
7023450
7023241
7023232
7023228
7023207
7023133
7023132
7023131
7022972
7022670
7022667
7022666
7022665
7022664
7022328
7022273
7021838
7021837
7021757
7021032
7020820
7020663
7020648
7020416
7020141
7020140
7020139
7019958
7019874
7019795
7019740
7019739
7019533
7019407
7019405
7019321
7019317
6976248
6976015
6975569
6975391
6975389
6975112
6974865
6974864
6974816
6974541
6974447
6974446
6974409
6974204
6974168
6974096
6974057
6973889
6973747
6973328
6973327
6973326
6973303
6973273
6954742
6953517
6950521
6950495
6947995
6947391
6947066
6947061
6946763
6946756
6946752
6946744
6946409
6945063
6944475
6944061
6943927
6943685
6943683
6943488
6943487
6943484
6943470
6943469
6943443
6943403
6943367
6943355
6943273
6943240
6943239
6943238
6942791
6940972
6940971
6918050
6914861
6914856
6914854
6914793
6914792
6914791
6914790
6913899
6912811
6912525
6912170
6912167
6912166
6912164
6911363
6911016
6910987
6910951
6910625
6910608
6895865
6895536
6895535
6895534
6895194
6895139
6895045
6894770
6894769
6809659
6800657
6800614
6799593
6799592
6798908
6798907
6798519
6797883
6797240
6796462
6795403
6794211
6793953
6793018
6792983
6792604
6792419
6792340
6792296
6792243
6792080
6792078
6791894
6791761
6791760
6791409
6791384
6791383
6790901
6790873
6790726
6790693
6790414
6790408
6790407
6790405
6790227
6789804
6789798
6789738
6789733
6789642
6789640
6789631
6789484
6789462
6788456
6788455
6788424
6788335
6788331
6788314
6764658
6764657
6461632
6461519
6461518
6461516
6459198
6457454
6457297
6457296
6456689
6456620
6456413
6456257
6456243
6456228
6455738
6455536
6455099
6282244
6275370
6275143
6275142
6273311
6272510
6272387
6271447
6271160
6269487
6268894
6268675
6268667
6268657
6268599
6268543
6267528
6266298
6266250
6265135
6212826
6212825
6212824
6212322
6179185
6172784
6172415
6170240
6170140
6169871
6169347
6168754
6168466
6168110
6167168
6119261
6116185
6114633
6114316
6114310
6114282
6114281
6114119
7326098
7326095
7290028
7290027
7261567
6790962
6789115
6455601
7242623
7019725
6264299
6911684
7312688
7312687
7301350
7300714
7300711
7268367
7256451
7254406
6788311
6788290
6788288
6788285
6788279
6272070
6166821
6114274
6114273
6114272
6114271
6114249
6114248
6114246
7244646
6790921
6264173
7262796
7262793
7242599
7017409
6944639
6792576
7267612
7022441
6791401
7292928
7292924
7256448
7254400
6789973
6789972
6113510
6113504
6113489
6113486
7261913
7241768
7241766
7241763
7241757
6787219
6787218
7242588
7242587
7242586
7331316
7302307
7302303
7302302
7302300
7302299
7278420
7272868
7268749
7266894
7266444
7263470
7263469
7261069
7258249
7249571
7237406
7237395
7196729
7036537
7036535
7036534
7029675
7021507
6790920
6265143
6173961
7279853
7254635
7312676
7292771
7292767
7031622
7027577
7027576
7027575
7027574
6270864
7278776
7267357
7267351
7244930
7244925
7022370
6789927
6789924
6455178
6268953
6267553
6113473
6113472
6113451
10298270
10283838
10283837
10252586
10252430
7281138
7241745
7238344
7238342
6789113
6789112
6787704
6267830
6264279
10252358
7250883
7250881
7242677
7242579
6787423
7266185
7281810
7281808
7268359
7267610
7267607
6911896
6167982
6167978
7301650
7042278
7042271
7027132
7303449
7303447
7303446
7255150
7017965
6973140
6972623
6788257
6788254
6788249
6454851
6113412
6113400
6113395
7241734
7241733
7241730
7238339
7019653
7017174
7017173
6972455
6789108
6453710
7262786
6973527
6455371
12311801
12278917
12278910
12278909
12278908
12278905
12266627
7349837
7348419
7347778
7347776
7347233
7347225
7346774
7345976
7345628
7345626
7345426
7343848
7342180
7342174
7341626
7341625
7341624
7340922
7340913
7340909
7340794
7340789
7340782
7339794
7339793
7339792
7339791
7339790
7339789
7339787
7339786
7339785
7339784
7339783
7339782
7339781
7339780
7339779
7339778
7339777
7338690
7338052
7337482
7337475
7337248
7336963
7336913
7336159
7336043
7336006
7335989
7334925
7334919
7333389
7333194
7332660
7332455
7332454
7331998
7331916
7331915
7331841
7330713
7330562
7330548
7330542
7330507
7330236
7330232
7330231
7330228
7329831
7329614
7328997
7328996
7328772
7328327
7328325
7328087
7328086
7328074
7327687
7327633
7327630
7327629
7327060
7326920
7325780
7325779
7322968
7322967
7322113
7321454
7321348
7321192
7321190
7321189
7321187
7321185
7321184
7321183
7321182
7321181
7321180
7321158
7320599
7320246
7320240
7320239
7320237
7319745
7319631
7319564
7318936
7317259
7316912
7316911
7316908
7316906
7316903
7316739
7316437
7315684
7315599
7315594
7315593
7315250
7315129
7314606
7314603
7314601
7314600
7314599
7314104
7314030
7314023
7313856
7313327
7313315
7313314
7313311
7312776
7312774
7312767
7312740
7312736
7312650
7311759
7311757
7311250
7311208
7311207
7311202
7309174
7308634
7308632
7308108
7308105
7307718
7307715
7307328
7307069
7307023
7306854
7306347
7306290
7306267
7305788
7305785
7304538
7303370
7303369
7303174
7303166
7301476
7301475
7301474
7301422
7299764
7299763
7299762
7299761
7299712
7299709
7299706
7299705
7299704
7299703
7298170
7297543
7296739
7296364
7295934
7295525
7295377
7295375
7295373
7295371
7295370
7295369
7295273
7295268
7294901
7294628
7294622
7294618
7293619
7293483
7293482
7293481
7293479
7293478
7293476
7293475
7293468
7293467
7292868
7292867
7292866
7292857
7292856
7292855
7292854
7292842
7292838
7292836
7292216
7292215
7292213
7292212
7292210
7291640
7291149
7291030
7290621
7290613
7290063
7290061
7290060
7289580
7289576
7288256
7287591
7287582
7287424
7287415
7287411
7287410
7287408
7287407
7287406
7287404
7287403
7287402
7287401
7287398
7287396
7287395
7287394
7287393
7286690
7286689
7286204
7285897
7285896
7284751
7284749
7284747
7283860
7283415
7283413
7283412
7283409
7282369
7282194
7282192
7282189
7282187
7281621
7281617
7281613
7281442
7280825
7279923
7279921
7279920
7279919
7279918
7279917
7279916
7279915
7279898
7279896
7279892
7279891
7279542
7279531
7279525
7279523
7279522
7279521
7279519
7279516
7278244
7278150
7278149
7278148
7278147
7278146
7278145
7278144
7278143
7278142
7278141
7278139
7278138
7278137
7278136
7278107
7278094
7278003
7277485
7276778
7276777
7276272
7276107
7275675
7275163
7274725
7273520
7273517
7273508
7272546
7271919
7271326
7271294
7271284
7271158
7271046
7271039
7271036
7271029
7271027
7270676
7270675
7270569
7269389
7269382
7269381
7269379
7269374
7268989
7268988
7268943
7268911
7268910
7268401
7268396
7267958
7266584
7266583
7266582
7266449
7265803
7265802
7265711
7265708
7265707
7265701
7265700
7265069
7264782
7264376
7264374
7264373
7264369
7264368
7264151
7263910
7263900
7263854
7263852
7263851
7263850
7263569
7263567
7263562
7263560
7263559
7263556
7263247
7263181
7263125
7263065
7262613
7262611
7262610
7261966
7261965
7261825
7261821
7261676
7261671
7261169
7261098
7260806
7260677
7260676
7260675
7260020
7259988
7259803
7259498
7259489
7259223
7259222
7259164
7258516
7258503
7258502
7258496
7258272
7258204
7258149
7258064
7257558
7257036
7256719
7256675
7256674
7256347
7256345
7256342
7256337
7256330
7256329
7256325
7256137
7256047
7255702
7255658
7254414
7253703
7253364
7253083
7253081
7253071
7253067
7253064
7253051
7253050
7252893
7252890
7252672
7252650
7252646
7252443
7252352
7252349
7252307
7252306
7252112
7251966
7251543
7251542
7251540
7251466
7251372
7251294
7251105
7251101
7251063
7250572
7250411
7250404
7250380
7250088
7249748
7249718
7249714
7249711
7249697
7249523
7249522
7249511
7248988
7248722
7248238
7247805
7247772
7247593
7247540
7247129
7247124
7247121
7247119
7246682
7246578
7246577
7246574
7246533
7246497
7246494
7246490
7246488
7246487
7246419
7246416
7246403
7245044
7245041
7244980
7244971
7244969
7244968
7244225
7244219
7243999
7243998
7243504
7243141
7242323
7242213
7242211
7242204
7242133
7242131
7241220
7241219
7241210
7241204
7241200
7240620
7240335
7240334
7240333
7239125
7239115
7237881
7237879
7237878
7201132
7200391
7198699
7197441
7197264
7197078
7196963
7196880
7196630
7196498
7196393
7196163
7195647
7195529
7195504
7195412
7186187
7052892
7052252
7048473
7047954
7043668
7042678
7041218
7041217
7039540
7039219
7038813
7038811
7038369
7038362
7038033
7036944
7036668
7036229
7033850
7033762
7033131
7033130
7033129
7032567
7032562
7032495
7032461
7031969
7031904
7031811
7031620
7031619
7031466
7031404
7030173
7029919
7029446
7029435
7029221
7028981
7028944
7028361
7028294
7028013
7027871
7027677
7027676
7027589
7027478
7027366
7027021
7027020
7026737
7026498
7026494
7025751
7025749
7025630
7025539
7025532
7025531
7025529
7025528
7025527
7025526
7025449
7025448
7025219
7024987
7024986
7024985
7024899
7024840
7024658
7024635
7024634
7024630
7024289
7024167
7024107
7024102
7024098
7023636
7023301
7023298
7023236
7022628
7022092
7022089
7021825
7021823
7021812
7021811
7021699
7021666
7021600
7021599
7021598
7021588
7021585
7021459
7021334
7020644
7020512
7020509
7020508
7020506
7020504
7020491
7020409
7020398
7020390
7020389
7019571
7019458
7019454
7019282
7019153
7019057
7018871
7018667
7018641
7018543
7018452
7018430
7018429
7018329
7018248
7018233
7017583
7017339
7017086
7016657
7016299
6985448
6979742
6977068
6976323
6976158
6976044
6975680
6975528
6975524
6975375
6974930
6974923
6974920
6974899
6974722
6974539
6974451
6974431
6974284
6974248
6974038
6973928
6973632
6973571
6973277
6972952
6972278
6957160
6954789
6951236
6948232
6947919
6947496
6946701
6946559
6946032
6945970
6945402
6945056
6945002
6944566
6944562
6944502
6943988
6942651
6941334
6940960
6940691
6927603
6927601
6915599
6914259
6914186
6914080
6912679
6912223
6912222
6912219
6912217
6912018
6911423
6911317
6911094
6911021
6910332
6910286
6910108
6909682
6895266
6895265
6895062
6894855
6821525
6815776
6808936
6808733
6808630
6804078
6803341
6803340
6803322
6802610
6801423
6800020
6800014
6799591
6799590
6799588
6798817
6797982
6797225
6797224
6797223
6797222
6797221
6797220
6796951
6796348
6796347
6795830
6795583
6794895
6794663
6794415
6793966
6793960
6793952
6793791
6793539
6793538
6793537
6793535
6793206
6792978
6792940
6792842
6792841
6792839
6792838
6792767
6792629
6792628
6792561
6792558
6792470
6792452
6792422
6792161
6791592
6791537
6791282
6790812
6790777
6790631
6790630
6790572
6790571
6790570
6790569
6790568
6790567
6790566
6790437
6789799
6789731
6789728
6789693
6789498
6789370
6788958
6788750
6788669
6787914
6787912
6787871
6787870
6787660
6787490
6787128
6765053
6460307
6460294
6460282
6460271
6459636
6459066
6458852
6458849
6458846
6458123
6457491
6457466
6457220
6456737
6456688
6456463
6456462
6456461
6456377
6456281
6455447
6455256
6455228
6455209
6455207
6455203
6455105
6455093
6454654
6454453
6453674
6294445
6280262
6279943
6277988
6277015
6276611
6275141
6273993
6273992
6273991
6273990
6273989
6273988
6273987
6273986
6273979
6272493
6271286
6270834
6269486
6269483
6269481
6269480
6269302
6267837
6267688
6267532
6266965
6266285
6265496
6265428
6265021
6264644
6214478
6214467
6187520
6178089
6173820
6173321
6172013
6171985
6171916
6171853
6170928
6170413
6169285
6169203
6168998
6168556
6168222
6167715
6167594
6167518
6167387
6166736
6166229
6166058
6117517
6116419
6116418
6115519
6115039
6114428
7266436
7257543
7023806
7019764
7019763
7292739
7291070
7303440
7303438
7303437
7278760
7268347
7267342
7244915
7244910
7244902
7017964
6788234
6788207
6113375
6113369
6113364
6113350
7238329
7017366
6789105
6166828
7321631
7231505
7231502
7021375
7015138
6973526
7019789
7254622
7254616
7254610
7254608
6791696
6789249
7292735
7292731
6795610
7312329
7312328
7281120
7281119
7267336
7267332
7267329
7254379
7244898
7244895
7244894
7022367
6894652
6788204
6788182
6787720
6267766
6113344
6113325
7254121
7230477
7230470
7230467
7014953
6789047
6785460
7242665
7231497
7231488
6266033
6909861
7017476
7319360
7319349
7319348
7303664
7303196
7291647
7291646
7281861
7275773
7256715
7256043
7254154
7254153
7253544
7248870
7246677
7246658
7196907
7027369
7023801
7020921
7020156
7018247
6787924
6266074
6117113
7290658
7267323
7267317
7257142
7254375
7254374
7254073
7254058
7254056
7254055
7233320
7019640
7015540
6973063
6973062
6789216
6786691
6786683
6786670
6266122
6263402
6112645
6112604
7269619
7242457
7230462
7230451
7230448
6789167
6789100
6789097
6785459
6265768
7291902
7291901
7291899
7291898
7291897
7291896
7262762
7231487
7231486
7027419
6790395
10309723
10254036
10252365
10251974
10251752
10251751
10251750
7293861
7293856
7288243
7253762
7253761
7253757
6456571
7281311
7281310
7279772
6895130
6267712
6267706
6267702
6267701
7303434
7268340
7233308
7233305
7015535
6795789
6786665
6786658
6786656
6786653
6786642
6112600
6112575
7278782
7254307
7253899
6789154
6786851
6454847
6265753
6265735
7250873
7231469
7231468
6909835
6909834
6909833
6264303
6909980
7267600
6940612
12265995
11645451
11628628
11611758
11610877
7347325
7347324
7347323
7347322
7347173
7346667
7346665
7346663
7346662
7343825
7343821
7343590
7338315
7336111
7334614
7333787
7332334
7332211
7323595
7322877
7321357
7320007
7320001
7319585
7319199
7318061
7316900
7316894
7315343
7315341
7315340
7314019
7312306
7312304
7311480
7311476
7311024
7311019
7311008
7311006
7311005
7311004
7310146
7310143
7310142
7308336
7308259
7308098
7307646
7307366
7307365
7307208
7303754
7303742
7303653
7303651
7303647
7303164
7303163
7303162
7303161
7302937
7302912
7302625
7302425
7300083
7300082
7300081
7300080
7300031
7299339
7299148
7299147
7295283
7294960
7294531
7294530
7294527
7294322
7293575
7293571
7293569
7291888
7291678
7290807
7289665
7289510
7289322
7289045
7289044
7289041
7289040
7289039
7289038
7289037
7287380
7284949
7283802
7283800
7283246
7283242
7283236
7283233
7282248
7282080
7281976
7281975
7281974
7281973
7281970
7281969
7281966
7281304
7281303
7281301
7281218
7281210
7281209
7280957
7280955
7280303
7280206
7279992
7279914
7279913
7279911
7279910
7279909
7279908
7279907
7279906
7279905
7279904
7279903
7279902
7279901
7279284
7279152
7277977
7277972
7277969
7277968
7277962
7277820
7277815
7277780
7277565
7277375
7275758
7275754
7275752
7275565
7275563
7275221
7274281
7274280
7273834
7273587
7273157
7273156
7273151
7273150
7272499
7272481
7272413
7271952
7271276
7271270
7271262
7271261
7271259
7271068
7271066
7271060
7271058
7271057
7270674
7269748
7269367
7269366
7269347
7269158
7269153
7269150
7269149
7269148
7269140
7269127
7268961
7268590
7267067
7266701
7266698
7265911
7265908
7265905
7265901
7265594
7265314
7264404
7264402
7263242
7263241
7263240
7263209
7263207
7262807
7261560
7261451
7261450
7261134
7261132
7261130
7261061
7261058
7260663
7260467
7260009
7259286
7259285
7259279
7259017
7259013
7258571
7257501
7257369
7257362
7257341
7257309
7257308
7257005
7257003
7256987
7256829
7256693
7256684
7256513
7256490
7255353
7255312
7254244
7254241
7254196
7253955
7253471
7253464
7253456
7253013
7252951
7252737
7252733
7252725
7252382
7252378
7252341
7252267
7252266
7252264
7251960
7251907
7251830
7251829
7251828
7251825
7251824
7251823
7251613
7251612
7251535
7251533
7251532
7251530
7251520
7251166
7251164
7251162
7251161
7251157
7249947
7249574
7249455
7249432
7249431
7249427
7248707
7248224
7248215
7248166
7247979
7247978
7247432
7247430
7246863
7246860
7246704
7246698
7245452
7245097
7244966
7244949
7244763
7244761
7244760
7244750
7242743
7242226
7242225
7242224
7242222
7242221
7242220
7242186
7242185
7242181
7241687
7241683
7241682
7241681
7241626
7241615
7241195
7240737
7240735
7240733
7240691
7240637
7240633
7240631
7240508
7240307
7240303
7240084
7239957
7239752
7238116
7238114
7238110
7237328
7237087
7237086
7237085
7237084
7237083
7237082
7237081
7237080
7237072
7237065
7237032
7236070
7235971
7235923
7235819
7235817
7235813
7235812
7235802
7235429
7235427
7235424
7235421
7235414
7235345
7235341
7235340
7234891
7234889
7234796
7234794
7234791
7234784
7234783
7234642
7232728
7232721
7232437
7232422
7232420
7232067
7232066
7232057
7232053
7232051
7230861
7229806
7229800
7229795
7229791
7229784
7229372
7227817
7227782
7226957
7226956
7226950
7226695
7226694
7226693
7226692
7226673
7224965
7198299
7197850
7197849
7197821
7197785
7196891
7196890
7196889
7196887
7196886
7196885
7196598
7196471
7196092
7195900
7195540
7195167
7195023
7185963
7185962
7185960
7185959
7185956
7185505
7050213
7049521
7046212
7037673
7037332
7036518
7035031
7034899
7034895
7033926
7033442
7032724
7031319
7029838
7029837
7029836
7029502
7029034
7028709
7028025
7027854
7027694
7027452
7026883
7026854
7026853
7026850
7026824
7026823
7026822
7026380
7025818
7025714
7025712
7025362
7024984
7024377
7024150
7024096
7023852
7023789
7023568
7023374
7023029
7023014
7022603
7022588
7022250
7022087
7021978
7021501
7020552
7020401
7020400
7020272
7020199
7020132
7020061
7019776
7019437
7019410
7019356
7019355
7019354
7019265
7019260
7019240
7019238
7019237
7019235
7019197
7019196
7019195
7019194
7019192
7019191
7019190
7019092
7019091
7019087
7019051
7018844
7018827
7018779
7018411
7018410
7018333
7018245
7018051
7017948
7017566
7017312
7017311
7017171
7016990
7016988
7016986
7016985
7016885
7016818
7016579
7016518
7016430
7016368
7016243
7016070
7015873
7015814
7015265
7015263
7015262
7015204
7015202
7015020
7014758
7014742
7014127
7014071
6977338
6977144
6975685
6975539
6975051
6974935
6973952
6973951
6973927
6973323
6973310
6973238
6973237
6972951
6972943
6972915
6972850
6972709
6972700
6972697
6972490
6972388
6972244
6972184
6972167
6972018
6971925
6971924
6964987
6950604
6950603
6950142
6949182
6949098
6948565
6948074
6947682
6947159
6946642
6945833
6945661
6945453
6945452
6945451
6945449
6945447
6945424
6945200
6944972
6943522
6943394
6942807
6942364
6942358
6942253
6942250
6942167
6941959
6941932
6940438
6939818
6939809
6939753
6939516
6914172
6913631
6913132
6913131
6913126
6913057
6912280
6911920
6911917
6911916
6911912
6911478
6911248
6910471
6910463
6909066
6909008
6909007
6909006
6909002
6908913
6895592
6895138
6895099
6895050
6894562
6894561
6894560
6894559
6894558
6894515
6821093
6821092
6821032
6806974
6800973
6798673
6798142
6797245
6797237
6795803
6795801
6795777
6795614
6795379
6794494
6794488
6793928
6792811
6792810
6792752
6792626
6792625
6792389
6792356
6792087
6791724
6791587
6791351
6790919
6790132
6789757
6789479
6789465
6788799
6788798
6788797
6788796
6788748
6788712
6788706
6788439
6787926
6787769
6787754
6787475
6787464
6787352
6787342
6787118
6787059
6786725
6786724
6786702
6786701
6786272
6786084
6786045
6786041
6786026
6786023
6786022
6785732
6785713
6785712
6785202
6749679
6749678
6459897
6458841
6457474
6457179
6456460
6456459
6456181
6456079
6455625
6455497
6455136
6454774
6454679
6454677
6454636
6454619
6454547
6453542
6453075
6309971
6309421
6286210
6278269
6270716
6270624
6270421
6270419
6270418
6270417
6269520
6268673
6268594
6268593
6267641
6267580
6267389
6266722
6265505
6265493
6265459
6265377
6265374
6265162
6265144
6264943
6264800
6264641
6263553
6263135
6185059
6185052
6174585
6174583
6174580
6174578
6174577
6174576
6174575
6174574
6174573
6174571
6174570
6171159
6171080
6170196
6170195
6169874
6168595
6168584
6168199
6167533
6167451
6167281
6166843
6166695
6166568
6165662
6165535
6164597
6164596
6120873
6119347
6119072
6117165
6116234
6115556
6114422
6114421
6114417
6114412
6114411
6114410
6114409
6114111
6113200
7280334
7257521
7254545
7249569
7243026
7025130
7019662
7295398
7295397
7255141
7254043
7254040
7254038
7244604
7233301
7019636
6973061
6789046
6786608
6454817
6112545
7269615
7269612
7253890
6911937
6789092
7262760
7219492
7219486
6909818
7019786
6942305
6910296
7279751
7267113
7027567
7027566
7292919
7292916
7243577
7015530
6786444
6112504
6112503
6112502
6112492
6112485
7266331
7014940
6454837
6265767
7311578
7239395
7266153
6790885
7243731
6940607
6266031
6266029
11644208
7254015
7254008
7242731
7232170
7027594
6972033
6786591
6786580
6786573
6786571
6786563
6112477
6112468
6112457
7314655
7308888
7308884
7303759
7285533
7275745
7268126
7268123
7251722
7241952
7237313
7230384
7227213
7024223
7022583
7020261
7018909
7018008
6946643
6909437
6909436
6792172
6791249
6790897
6789084
6789082
6786722
6456864
6453657
6268584
7219469
7219461
7219459
6909800
6783906
7278439
7278436
6792437
6785734
10317097
10313899
10261320
10252721
10251421
10251380
10251379
10251378
7292686
7292683
7268714
7242170
7257131
7257130
7232164
7232161
7221797
6786559
6786541
6786539
6786534
6165079
6112420
6112412
7231322
7231143
7231138
7230369
7230361
6789078
6262930
6262923
6262922
6112658
7239385
7219453
7016696
7015175
6972338
6909783
6909780
6783902
6165970
6113575
7266149
7016498
7016496
7016376
6910832
6788599
7024626
6789311
7267103
7292908
7255133
7255130
7254110
7254108
7254082
7254079
7244589
7244588
7221791
7027593
6794216
6784879
6112376
6112370
7471371
7349858
7348416
7348413
7348412
7348409
7347474
7347473
7347016
7345564
7345563
7345405
7345403
7340705
7340704
7340702
7334596
7333496
7333494
7332317
7330520
7319608
7319603
7319601
7319600
7319598
7319595
7316100
7315590
7314002
7314001
7313999
7313811
7313200
7313193
7313192
7311267
7311265
7310152
7310149
7307758
7307756
7306393
7306391
7306345
7306270
7305598
7302281
7302280
7302279
7301671
7301670
7298564
7298563
7298556
7298061
7296964
7296426
7295506
7295387
7295241
7295238
7295237
7295234
7294893
7294770
7294767
7294609
7294433
7294309
7293466
7293465
7293464
7293463
7293461
7293454
7293453
7293165
7291670
7291669
7291668
7291498
7291121
7290719
7290718
7290714
7290030
7289164
7288777
7288772
7288771
7288767
7288756
7288722
7287158
7285831
7285265
7285196
7283842
7283841
7283536
7283359
7281793
7281788
7281679
7281571
7280476
7279506
7277692
7274828
7274824
7274822
7274821
7271981
7271978
7271977
7271974
7271727
7271725
7271529
7271135
7271134
7271117
7270536
7270128
7269927
7269924
7269923
7269922
7269921
7269919
7269916
7269912
7269911
7269909
7269451
7269444
7269121
7269120
7269117
7269114
7269113
7269110
7269092
7269056
7269047
7269041
7269040
7268970
7267384
7266902
7265693
7265692
7265691
7265690
7265689
7265688
7265684
7265683
7265682
7265679
7265677
7265676
7265674
7265673
7265672
7264852
7264848
7264592
7263553
7263196
7262947
7262945
7262943
7262942
7260375
7259263
7259156
7259147
7259144
7259106
7258951
7258807
7258806
7258801
7258800
7258797
7258592
7258485
7257952
7257552
7257481
7257350
7257275
7257270
7257264
7257257
7257256
7257255
7257254
7257243
7257242
7257205
7257081
7256917
7256914
7256909
7256155
7256113
7255925
7255924
7255395
7255394
7255393
7255392
7255391
7255390
7255388
7255387
7255385
7255384
7255383
7255382
7255381
7255363
7255007
7255006
7254994
7254993
7254724
7254674
7254236
7254136
7253982
7253978
7253527
7253445
7253421
7252394
7252390
7252389
7251895
7251894
7251892
7251699
7251698
7251414
7251412
7251234
7251147
7251146
7251137
7251136
7250751
7249640
7249639
7249638
7249636
7249576
7249120
7249101
7249072
7248893
7248891
7248733
7248189
7248026
7247461
7247460
7247318
7247314
7247254
7247008
7246598
7246595
7246543
7245825
7244722
7244713
7244710
7244706
7244704
7244553
7243381
7243372
7243370
7243369
7242769
7242283
7242059
7241566
7241264
7240918
7240894
7240810
7240806
7240769
7240680
7240465
7240461
7240458
7240403
7240402
7240401
7240399
7240398
7240397
7240396
7240395
7240393
7240392
7240019
7240018
7240013
7239940
7239932
7239867
7239866
7239747
7239741
7239314
7239311
7239310
7239308
7239304
7239279
7238659
7238178
7238102
7238099
7237913
7237834
7237336
7237181
7237010
7237009
7236560
7236556
7236094
7235966
7235959
7235945
7235797
7235793
7235791
7235782
7235766
7235405
7235397
7235394
7235393
7235392
7235387
7235382
7235381
7235377
7235044
7234879
7234779
7234778
7234776
7234774
7234768
7234765
7234759
7234757
7234629
7234355
7233673
7233672
7233671
7233670
7233660
7233559
7233412
7232688
7232685
7232409
7231599
7231153
7231152
7231127
7231031
7231028
7231010
7230511
7230358
7230337
7230335
7230281
7230267
7230263
7230253
7230252
7229764
7229761
7229712
7227793
7227391
7227274
7227273
7227272
7227271
7227270
7227269
7227268
7227267
7226948
7226937
7226668
7226652
7226650
7226648
7226644
7226495
7225763
7225761
7225752
7225750
7224954
7224946
7224923
7224922
7224701
7224659
7224658
7224657
7224205
7224204
7224203
7223812
7223669
7221842
7220887
7220882
7220879
7220878
7219906
7219903
7218836
7218478
7217901
7202982
7202978
7202967
7196720
7196701
7196596
7196435
7196195
7196042
7195972
7194973
7194924
7044475
7041835
7041834
7038193
7034074
7034072
7034071
7032046
7031802
7031790
7030671
7030359
7029663
7029058
7028930
7027925
7027924
7027923
7027921
7027870
7027853
7027675
7027638
7026871
7026821
7026439
7025480
7025458
7025153
7025151
7025150
7025149
7025148
7025147
7025145
7024895
7024166
7024165
7024164
7024163
7023900
7023899
7023352
7023152
7023149
7023148
7023058
7022758
7022757
7022696
7022393
7021968
7021965
7021964
7021469
7021406
7020609
7020253
7020252
7019896
7019769
7019658
7019633
7019258
7019168
7019079
7019078
7019073
7019071
7018738
7018704
7018661
7018655
7018648
7018367
7018353
7017947
7017149
7017148
7017140
7017083
7017022
7017020
7017019
7017018
7016935
7016915
7016913
7016910
7016908
7016887
7016769
7016121
7016059
7015938
7015936
7015828
7015827
7015826
7015670
7015668
7015667
7015622
7015352
7015260
7015258
7015255
7014958
7014932
7014919
7014806
7014695
7014634
7014517
7014514
7014124
7014123
7014122
7014070
7014069
7013895
7013476
7013126
7012924
7012718
7012393
7012392
7012388
6975823
6975059
6974926
6974697
6974696
6974105
6973839
6973838
6973671
6973670
6973615
6973566
6973241
6973151
6973134
6973132
6973130
6972914
6972782
6972617
6972510
6972423
6972422
6972400
6972301
6972200
6972160
6972159
6972016
6971959
6971877
6971749
6971551
6971281
6950897
6949885
6949363
6948561
6947046
6945441
6944979
6944842
6943790
6943773
6943763
6943747
6943746
6943745
6943344
6943324
6942624
6942601
6942430
6940010
6940006
6939930
6939413
6938660
6914734
6914254
6913297
6912215
6912214
6912213
6912212
6912210
6910586
6910585
6910581
6910580
6910579
6910578
6910576
6910573
6910571
6910095
6910090
6910089
6909944
6909681
6909680
6909309
6909125
6908856
6895306
6895098
6894804
6894724
6894657
6894588
6894586
6894468
6894464
6894372
6894351
6816184
6803687
6798643
6798138
6797135
6796315
6796313
6796224
6795689
6794483
6794471
6794445
6794443
6794400
6793766
6793245
6792804
6792681
6791570
6791569
6791568
6791567
6791566
6791565
6791560
6791559
6791558
6791557
6791556
6791419
6791381
6791360
6791137
6791095
6791091
6791078
6790811
6790810
6790660
6789690
6789425
6789332
6789238
6789075
6789042
6789028
6788981
6788980
6788975
6788974
6788704
6788700
6788698
6788696
6788467
6788343
6787716
6787289
6787143
6787142
6787141
6787078
6787077
6787072
6786259
6786150
6786099
6785919
6785818
6785629
6785627
6785623
6785544
6785444
6785335
6785191
6785188
6784586
6784541
6784540
6784520
6784519
6784518
6784517
6784515
6784510
6784506
6784502
6784500
6783824
6783713
6458073
6458071
6457782
6457557
6457556
6457555
6457548
6457546
6457464
6457463
6457462
6457461
6457177
6457176
6457175
6457174
6457173
6456730
6456728
6456606
6456118
6455780
6455702
6455657
6455621
6455555
6455368
6455363
6455349
6455346
6454890
6454889
6454834
6454831
6454829
6454828
6454661
6453948
6453520
6453332
6453167
6453038
6452813
6274170
6273641
6271051
6271049
6271048
6271047
6271022
6270523
6270438
6270415
6270413
6270412
6270411
6270410
6270409
6270408
6270407
6270406
6270404
6267470
6265999
6265719
6265340
6265055
6264290
6264218
6263988
6263552
6263197
6263139
6263095
6262540
6262471
6261702
6261700
6261699
6260891
6260879
6260268
6243028
6243027
6174748
6172814
6171017
6168964
6168148
6168091
6168084
6166529
6166128
6165952
6165336
6164280
6162709
6118930
6115563
6115352
6114408
6114406
6114405
6114399
6114038
6114037
7281930
7280324
7280318
7280317
7280316
7280314
7237956
7207580
7010174
6909913
6782486
7266145
6785672
7292675
7292674
6265722
7292906
7290925
7255817
7255120
7255118
7254372
7253753
7253752
7195967
7019732
7013109
6786517
6786504
6786499
6784237
6112363
6112355
6112350
6112344
6112343
6112341
6112337
7215180
7206179
7206177
7206176
7206168
6907329
6262639
7207558
6940712
6909764
6165391
7019781
6942282
6942281
7017670
6939441
6939440
6785870
7245388
7234101
7269185
7254091
7233137
7233134
7233133
7232155
7221768
6784835
6784824
6784809
6112302
7219355
7215177
7206165
6785603
6783380
6782257
6453265
6259382
7239379
7207542
7010167
6940711
6937428
7289448
7285532
7275782
7275778
7274807
7274806
7274805
7260789
7260788
7242994
7238819
7223805
7223791
7218966
7029920
7026136
7025471
7018491
6452816
6261581
6164478
7219802
6910307
7279739
7233602
7024942
6785915
10317090
10283820
10283819
10257849
10256496
10253222
10253221
10251184
10251013
7221767
7221765
7221763
7020231
7020230
6788157
6788150
6788146
6788128
6788124
6787440
6784106
6111693
6111677
6111673
6111670
7253749
7253745
7251773
7242649
7242648
7231339
7231337
7231336
7215172
7206149
7019598
7019597
7015713
6974755
6453292
7274928
7207528
7253781
6264621
6264614
7219797
6938215
7281292
7281289
7254811
7254810
7242432
7242422
7242421
7242417
7242414
7242413
7242411
6786462
6263395
6261220
6110979
6110968
6110966
6110965
7215170
7215169
7215165
7206136
7206135
7206130
7009899
6789065
6789063
6260450
7219791
7219790
7010159
6908017
6894435
16435479
16435470
12336893
12336867
12336861
12263451
11649639
7462605
7462604
7462603
7347853
7346951
7346939
7346931
7345606
7345257
7345253
7345108
7345105
7345101
7344782
7342413
7340234
7338642
7338634
7338414
7338412
7338411
7338408
7332292
7332280
7332118
7324421
7324418
7324416
7324414
7323663
7323592
7323516
7323514
7322864
7322861
7322100
7322098
7318597
7318596
7313892
7307745
7305651
7305649
7305646
7304088
7298083
7295502
7295499
7293382
7291971
7291811
7291363
7291114
7291113
7291109
7291107
7290598
7290523
7289758
7289341
7289333
7289036
7289035
7287317
7287316
7287153
7287150
7287149
7287148
7287126
7287121
7287106
7287104
7286069
7285893
7285891
7285255
7285163
7283287
7282673
7282672
7282068
7282067
7281095
7279844
7279838
7279780
7278877
7278876
7278854
7278850
7277280
7277279
7277278
7277253
7277252
7277245
7275515
7275452
7275450
7275448
7274801
7274796
7274791
7274789
7273785
7273759
7272816
7272812
7272810
7272195
7271955
7271930
7271614
7271613
7271603
7269906
7269903
7269899
7269897
7269816
7269610
7269607
7269604
7269599
7269479
7269478
7269476
7269475
7269471
7269090
7269084
7269083
7269082
7269081
7269075
7269072
7269071
7269070
7269069
7269067
7269062
7269057
7268281
7265608
7265040
7263481
7262922
7262921
7262920
7262919
7262596
7262479
7262379
7261787
7261527
7261524
7261523
7261522
7261520
7261519
7261478
7261055
7260730
7260369
7259686
7259684
7259683
7259680
7259676
7259674
7259673
7259671
7258325
7258178
7257807
7257774
7256668
7256498
7256497
7256496
7256495
7256494
7256493
7256492
7256145
7255380
7255379
7255378
7255377
7255376
7255374
7255373
7255372
7255371
7255370
7255369
7255043
7255040
7255036
7255035
7255023
7254982
7254976
7254971
7254904
7254821
7254819
7253646
7253584
7253583
7253582
7253581
7253580
7253579
7253578
7253577
7253576
7253575
7253574
7253573
7253572
7253571
7253570
7253569
7253568
7253567
7252384
7251527
7251526
7251522
7248884
7247869
7247439
7247437
7247381
7247378
7247377
7247374
7247245
7247190
7247004
7246950
7246948
7246943
7246934
7245605
7245200
7244659
7244144
7244142
7243522
7243098
7243084
7243074
7242901
7242146
7242018
7242011
7242006
7242002
7242000
7241926
7241925
7241924
7241923
7241922
7241921
7241914
7241911
7241903
7241902
7241899
7241894
7241892
7241714
7241705
7241703
7241702
7241701
7241268
7241160
7240805
7240804
7240799
7239871
7239868
7239506
7239500
7239213
7237987
7237871
7237597
7237596
7237046
7236567
7236566
7236565
7236564
7236563
7236504
7236502
7236498
7236496
7235667
7234088
7233352
7233156
7232291
7232289
7231623
7231037
7230755
7230637
7229525
7229521
7229518
7229445
7229151
7229018
7229017
7229013
7228930
7228746
7228674
7227136
7227135
7226899
7226888
7225744
7225723
7224939
7224931
7224930
7224754
7224749
7224748
7224739
7224738
7224735
7224597
7224574
7224573
7224366
7224351
7224262
7224261
7224237
7223938
7223725
7223724
7222323
7222321
7222319
7222317
7222247
7222241
7222006
7221683
7221681
7221671
7221668
7221656
7221655
7220867
7220091
7219000
7218458
7218454
7218441
7218392
7217598
7217513
7217450
7217440
7217134
7216498
7216497
7216494
7216493
7216491
7216490
7216484
7216483
7216479
7216147
7214944
7214288
7214285
7214281
7214126
7214124
7214122
7214121
7214120
7214119
7214118
7214117
7213184
7213003
7212845
7212838
7212750
7212746
7212742
7212506
7212505
7211933
7211932
7211931
7211930
7211929
7211928
7211927
7211926
7211925
7211924
7211920
7211913
7211808
7211794
7211684
7211680
7211679
7211189
7209777
7209769
7208928
7208921
7206771
7205507
7205495
7205491
7205478
7205381
7205363
7205360
7205359
7205167
7205164
7204813
7204580
7204252
7204251
7203023
7202955
7202942
7197766
7197512
7196988
7196306
7196279
7196139
7195414
7195278
7194932
7194883
7194624
7194439
7194169
7193639
7193638
7186610
7053108
7052977
7051218
7051217
7046210
7043889
7037120
7036805
7036803
7034112
7034110
7033456
7031836
7030747
7030464
7030358
7028605
7028604
7028066
7028065
7027737
7026856
7026508
7026229
7026069
7025718
7024972
7024800
7024535
7024056
7023898
7023526
7023452
7023146
7023144
7023143
7023141
7023139
7022733
7022607
7022181
7021943
7021625
7021410
7021241
7021114
7021035
7020680
7020342
7020115
7020058
7019898
7019894
7019893
7019892
7019891
7019817
7019816
7019791
7019567
7019187
7018357
7018348
7018343
7018069
7017962
7017961
7017446
7017255
7017172
7016927
7016925
7016745
7016674
7016457
7016238
7016237
7016023
7015299
7015251
7015250
7015249
7014734
7014625
7014623
7014621
7014620
7014619
7014618
7014617
7014616
7014614
7014613
7014612
7014534
7014528
7014080
7013893
7013653
7013587
7013509
7013468
7013088
7012386
7012231
7012215
7012036
7012031
7012029
7012027
7012026
7011470
7011459
7011141
7011140
7011139
7011027
7011026
7011025
7010999
7010996
7010643
7010415
7010336
7009996
7009821
7009810
7009801
7009738
7009533
7009532
7009531
7009307
7009223
6976656
6974163
6974153
6973435
6973334
6973129
6972732
6972722
6972719
6972467
6972420
6972419
6972418
6972318
6971741
6971686
6971068
6971054
6960840
6949681
6947315
6946786
6946784
6944186
6944045
6944041
6943089
6942942
6942346
6942345
6942344
6942343
6942274
6942273
6942130
6941550
6940546
6940545
6940218
6940082
6940076
6939685
6939133
6938850
6938849
6938847
6938843
6938583
6938285
6938282
6938281
6938280
6938129
6937624
6913063
6910406
6910402
6910131
6909533
6908933
6908898
6908767
6908766
6908553
6908149
6907316
6895044
6894810
6894809
6894808
6894795
6894535
6894422
6894420
6894362
6894260
6894259
6894160
6802756
6801918
6798955
6796909
6796242
6793676
6793675
6793672
6793509
6792857
6792856
6792855
6792854
6792853
6792852
6792500
6792348
6792089
6791415
6791414
6791413
6791353
6791348
6791268
6791261
6790310
6790216
6790144
6789698
6789684
6789467
6789466
6789319
6788023
6787968
6787791
6787140
6787099
6787098
6786411
6785867
6785346
6785313
6785312
6785261
6785208
6784801
6784688
6784687
6784686
6784657
6784622
6784486
6784028
6783770
6783550
6783549
6783547
6783482
6782929
6782877
6782863
6782219
6461972
6459635
6457985
6457171
6457170
6457169
6457168
6457167
6457166
6457165
6457164
6457163
6457162
6457072
6456622
6456535
6456479
6456453
6456412
6456411
6456139
6454888
6454808
6454676
6454507
6454410
6454388
6453887
6453579
6453203
6453069
6453066
6453054
6453051
6453050
6452893
6452825
6452102
6452080
6452077
6452073
6277212
6277211
6276915
6272162
6270403
6270401
6270400
6270399
6270398
6270397
6270396
6270394
6266551
6266248
6265752
6265703
6265425
6265207
6264863
6264848
6264583
6264582
6264580
6264577
6264576
6264575
6264574
6263787
6261666
6261400
6259942
6259692
6259690
6259112
6243025
6243024
6243023
6174056
6172830
6169971
6169462
6168000
6167394
6167162
6167161
6166938
6166792
6166791
6166790
6166073
6165860
6164519
6164347
6164319
6163804
6163803
6163729
6163728
6163518
6163356
6162708
6119244
6113259
6112730
6112700
6112694
6112238
6112237
6111220
6110610
7290825
7255809
7255808
7243712
7242495
7194990
6972859
6170043
7292660
7292659
7292658
7221998
6794202
7290652
6457268
7269175
7231578
7231577
7220285
7209738
6791370
6783237
6783236
6110943
6110922
6110920
6971983
6789061
6785579
6782253
6163600
7464893
7464886
7227942
6821571
6258073
7253740
7253739
7253733
7253729
7218960
7218957
6941102
6788394
7269171
7017358
7012789
6787397
6783968
6781693
6781691
6781689
6781681
6781667
6781662
6110891
6110877
6110874
6110872
6110871
6110862
7463642
7010673
7010672
6971001
6910261
6910260
6910258
6910256
6910254
6789059
6789057
6783864
7464864
7207609
6907912
7225191
7022399
7471019
7471013
7285523
7281286
7269595
7255789
7254795
7242493
7195083
7023069
7011035
7011033
6793281
7466501
7466500
7219581
7208327
6783223
6783202
6110845
6110832
6110821
7463621
7007666
6970272
6894004
6789136
10252006
10251151
10250844
10250744
10250639
10250638
7005676
6971244
6907894
6450325
7011056
7209342
7206933
6940038
6940037
7220485
7220484
7220483
7220482
7220481
7209933
7206893
7206889
7010019
6908728
6261396
6261384
6261383
7466481
7231318
7231306
7222434
7219577
7208302
7208301
7194502
6452690
6111667
6111665
6111657
6111647
6111646
6111639
6111636
7463695
7463689
6789131
7453726
7216110
7011779
6910251
7220479
7281270
7012435
12337539
12262383
7471872
7471597
7471596
7471004
7470820
7470814
7470782
7470422
7470363
7470337
7469909
7469903
7469856
7469785
7469782
7469771
7468858
7468723
7468435
7468412
7467086
7467085
7467076
7467074
7466628
7465141
7465140
7465139
7464402
7464203
7464202
7463208
7462948
7462789
7462540
7460258
7450450
7349320
7348391
7345600
7345245
7345243
7345242
7345097
7345092
7343918
7339410
7336015
7336013
7335395
7330708
7329885
7325733
7325732
7324808
7321932
7319255
7318618
7318617
7318610
7318609
7313067
7312586
7304520
7298104
7298093
7296092
7296091
7296090
7296088
7296087
7296026
7296025
7296024
7296020
7293153
7293148
7293141
7292194
7291861
7291020
7291016
7290697
7290693
7289757
7289755
7289752
7289744
7289743
7289356
7289355
7289296
7289033
7289032
7289031
7289030
7289029
7289028
7289027
7289026
7289025
7289024
7289023
7289022
7289021
7289020
7289019
7289018
7287193
7287192
7286813
7285620
7282053
7281760
7281709
7281668
7281658
7280874
7280450
7280449
7280448
7280447
7280446
7280445
7280444
7280443
7280442
7280406
7280306
7279712
7279384
7278875
7277737
7277725
7277706
7277295
7277291
7277063
7276708
7276496
7276493
7275926
7275925
7275923
7275920
7275878
7275877
7275876
7273458
7271328
7271083
7271018
7271017
7271016
7271011
7271009
7270978
7270975
7269563
7269557
7269533
7268922
7268921
7268920
7268919
7268918
7268917
7268023
7267586
7265842
7265841
7265830
7265663
7265659
7265503
7265500
7264396
7264377
7263019
7261951
7261774
7261504
7261468
7259951
7259849
7259845
7259664
7259663
7259662
7259661
7259586
7259558
7259089
7258941
7257603
7257596
7257594
7256898
7256091
7256090
7256088
7256087
7256086
7256085
7256050
7254959
7252411
7252283
7252273
7251912
7251443
7250579
7249991
7249990
7249988
7249984
7249242
7249068
7247881
7247851
7247390
7247370
7247367
7247269
7247226
7245974
7245972
7245968
7245967
7245966
7245964
7245963
7245421
7245345
7245336
7245335
7244079
7243486
7243479
7243477
7243476
7243475
7243472
7243471
7242937
7242219
7242218
7242217
7242216
7241884
7240553
7240390
7240387
7240386
7239913
7239757
7238247
7238020
7236843
7235849
7235842
7235659
7235650
7235177
7234897
7234896
7234843
7234412
7234409
7234404
7234048
7233866
7233864
7233750
7233749
7233748
7233746
7233735
7233684
7233554
7233148
7233143
7232569
7232398
7232397
7232396
7232395
7232394
7232393
7232392
7232391
7232390
7232389
7232388
7232387
7232386
7232380
7232355
7232328
7232285
7232284
7231748
7231245
7231223
7231222
7231221
7231220
7231001
7230716
7230715
7230624
7230556
7230555
7230516
7230160
7229652
7229442
7229438
7229235
7229108
7229107
7228351
7227859
7227854
7227743
7227742
7227736
7226994
7226991
7226881
7226617
7226613
7226607
7226265
7226035
7225974
7225965
7224522
7224400
7224388
7224378
7224377
7224347
7224345
7224344
7224339
7223762
7223000
7222499
7222498
7222490
7222489
7222486
7222312
7222209
7222200
7221871
7221865
7221801
7221800
7221646
7221645
7221635
7221634
7221628
7221627
7221626
7221625
7221462
7221454
7220863
7220862
7220861
7220213
7220210
7220209
7220207
7220204
7220203
7220200
7219252
7218891
7218717
7218716
7218713
7218706
7218704
7218703
7218386
7218385
7218384
7217161
7216766
7216596
7216593
7216591
7216589
7216588
7215939
7215937
7215935
7215934
7215933
7215929
7215926
7215805
7215763
7215762
7215395
7215238
7215072
7214998
7214997
7214831
7214830
7214590
7214087
7213175
7213166
7213161
7212905
7212904
7212900
7212899
7212898
7212886
7212818
7212798
7212767
7212765
7212757
7212728
7212725
7212453
7212189
7212185
7212184
7212000
7211907
7211906
7211905
7211904
7211903
7211902
7211901
7211900
7211899
7211898
7211897
7211896
7211788
7211787
7211780
7211778
7211765
7211751
7211091
7209331
7208800
7207454
7207452
7207441
7207089
7207087
7207086
7207085
7207079
7206103
7206095
7206093
7206091
7206087
7206076
7206072
7205476
7205473
7205465
7205461
7205455
7205454
7205453
7205451
7205450
7205449
7205446
7205033
7204459
7197511
7197075
7197072
7196722
7196303
7196248
7195888
7195887
7195886
7195885
7195884
7195883
7195882
7195881
7195880
7195879
7195878
7195319
7194943
7194942
7194938
7194934
7194888
7194530
7194513
7194477
7193893
7193742
7185955
7185954
7185953
7185952
7185951
7185950
7185949
7185948
7185947
7185946
7185945
7185944
7185942
7185941
7185940
7053222
7036367
7036122
7034654
7032230
7031596
7030628
7030626
7030053
7029662
7029661
7027980
7027197
7026820
7026096
7025464
7025457
7025160
7025159
7025158
7025156
7025155
7024796
7024397
7024242
7024241
7024240
7024162
7023497
7023295
7023199
7022973
7022823
7022512
7021619
7021383
7021018
7020874
7020873
7020676
7020550
7020332
7020331
7020278
7020049
7020048
7020046
7020045
7020044
7020043
7020040
7019835
7019171
7019112
7019111
7019110
7018882
7018478
7018396
7018138
7018137
7018134
7018081
7017806
7017578
7017577
7017576
7017575
7017574
7017378
7017338
7017321
7017320
7017319
7017317
7017316
7016907
7016902
7016663
7016456
7016429
7015956
7015682
7015640
7015227
7015174
7015157
7015081
7014991
7014990
7014733
7014731
7014729
7014727
7014464
7014458
7013957
7013586
7013585
7013241
7013114
7013086
7012915
7012779
7012711
7012339
7012084
7012083
7012050
7011911
7011816
7011457
7011326
7011238
7011223
7011222
7011219
7011213
7011058
7011057
7011042
7011037
7011021
7011020
7011019
7011018
7011017
7010760
7009891
7009881
7009863
7009819
7009818
7009817
7009816
7009815
7009804
7009020
7008894
7008662
7008613
7007941
7007471
7006674
6984087
6978231
6975239
6974860
6974386
6974165
6973506
6973252
6973148
6972924
6972730
6972678
6972674
6972671
6972518
6972517
6972477
6972384
6972383
6972148
6972122
6972119
6971811
6971474
6971473
6971435
6971408
6971407
6971335
6971294
6970657
6970534
6949142
6947903
6947901
6945776
6945769
6945751
6944793
6944072
6942455
6942338
6942122
6942121
6942117
6942115
6941615
6941561
6941560
6941510
6941476
6941192
6940743
6940696
6940237
6939939
6939693
6939691
6939057
6938884
6938830
6938818
6938787
6938784
6938783
6938128
6937440
6926536
6916093
6912849
6912209
6912207
6912205
6912204
6912203
6912202
6910908
6910907
6910904
6910899
6910898
6910897
6910896
6909548
6909501