10244375
10243362
583534
550067
545790
545495
544164
398947
397556
583474
545159
538442
538441
538440
530207
520182
316873
548973
548971
514335
514334
514330
514329
514328
316106
545010
545004
530830
530828
542259
545156
534977
534975
534973
534966
532074
532073
394806
394805
92718
92717
92697
92683
92677
92669
505018
501881
120513
503170
503166
544998
544997
397383
538857
534271
534269
534265
534261
120783
583202
554965
551606
547547
545892
545479
545153
543151
537564
537553
534894
532068
531876
528306
517597
517596
397198
395431
394469
316943
261473
162325
118953
93221
93209
93192
93183
501864
387987
120507
120504
120501
94007
503160
116126
119195
93732
545779
530957
528805
550436
531566
526837
526823
526821
394468
394321
231325
231317
231310
231307
118797
92653
92652
92636
92620
43594
490867
490866
397044
395370
389596
315863
118369
118366
114682
503133
544986
397379
118564
12309645
12261435
12261434
12261431
12261430
583468
583467
583428
583316
575904
575864
575680
575679
575678
575677
575530
575362
575282
575281
575109
575000
555607
554980
553977
553974
553971
553967
553966
553965
553960
553959
552466
552464
552463
552462
552457
552380
552167
552013
552010
551767
551745
551628
551623
551622
551600
551505
551504
551373
551370
551367
551151
550630
550427
550292
549919
549902
549901
549899
549898
549892
549360
549358
549351
549269
549229
549226
549221
548955
548950
548714
548521
548346
548239
548144
548143
548139
548033
548032
547421
547189
546470
546255
545875
545714
545713
545711
545336
545279
545040
545014
545013
544262
544261
544036
544030
543120
543116
543010
543009
543008
543007
542990
542988
542987
542913
542912
542909
542446
542445
542443
541932
541924
541923
541543
541524
541520
541303
541251
541199
541154
541072
541023
541017
541016
541015
541014
541013
541012
540673
540672
540612
540498
540106
540104
539961
539960
539952
539951
539950
539947
539944
539942
539849
539844
539681
539679
539652
539586
539419
538815
538513
538512
538500
538419
537998
537936
536985
536979
536978
536660
536576
536461
536458
536126
536125
536124
536123
536122
535773
535560
535173
535050
534836
534826
534825
534818
534548
534461
534385
534354
534151
534127
534126
534087
534086
534083
533997
533989
533983
533982
533980
533979
533326
533290
533266
533265
533263
533262
533119
533116
533104
533101
533060
533054
533034
533030
533029
533012
532176
531933
531932
531614
531606
531596
531471
531366
531196
530648
530240
530186
530175
529965
529964
529773
529399
529226
528825
528192
528188
528106
528105
528104
528060
528054
527291
526850
526847
526846
526845
526844
526843
526702
526697
526694
526692
526691
526458
526017
525896
525895
525887
525650
525640
525029
525028
525027
525025
525020
525018
524849
524848
524847
524831
524777
524768
524767
524766
524765
524764
524763
524762
524760
524759
524758
524756
524730
524699
524696
524695
524679
524547
523890
523460
523459
523458
523457
523456
523455
523454
523453
523452
523272
523271
523224
523223
522439
522435
522433
522432
522431
522430
522366
522361
522360
522359
522358
522357
522355
522337
522336
522185
522081
521860
521859
521694
521693
521692
521691
521555
521543
521485
521484
521482
521481
521479
520783
520039
520036
519487
519485
519471
518730
518721
518719
518717
518715
518387
518353
518223
518222
518221
518219
518218
517905
517890
517889
517887
517865
517863
517862
517859
517783
517609
517485
517481
517475
517463
517460
517454
517383
517378
516962
516961
516960
516957
516037
515793
515787
515783
515780
515775
515774
515772
515768
515766
515656
515425
515424
515423
515236
515231
515230
515229
515023
514724
514719
514714
514397
514284
513427
513238
513230
513226
513210
513106
513101
511894
511884
511876
511744
511128
511127
510099
510097
510029
510028
510027
510026
510024
510023
510021
510020
510019
510011
510002
509785
508152
507305
507300
507299
507297
506933
505265
505262
504671
504654
504653
501498
501496
501488
501477
501431
501427
501424
500825
400901
400374
400120
399978
399976
399959
399626
399624
399437
399113
398401
398361
398103
397620
397388
397385
397361
397360
396702
396701
396475
396474
396340
396339
396337
396236
396235
396229
395823
395608
395604
395511
395495
395490
395365
395169
395167
395032
394891
394832
394751
394630
394488
394487
394440
394339
393906
393847
393846
393845
393643
393634
393628
393627
393626
393363
393362
393361
393116
392499
392498
392438
392434
392430
392187
392186
392153
391819
391817
391816
391679
391638
391519
391497
391351
391296
391173
391172
391171
391170
391119
391115
391111
391049
391041
391036
391029
391028
391018
390943
390941
390937
390812
390775
390721
390717
390716
390579
390491
390488
390487
390466
390428
390370
390169
390046
389937
389936
389935
389579
389578
389577
389576
389564
388085
387937
387934
387930
387290
317999
317885
317694
317580
317394
317356
317292
317284
317240
317118
317116
317082
316996
316990
316604
316536
316535
316534
316467
316434
316285
316284
316194
316128
315850
299336
299329
299324
298735
297447
295105
294921
294248
293743
293534
293533
293531
293529
293523
292952
292809
291714
263055
261979
261978
261977
261976
261640
261459
261449
261447
261355
261191
261148
261107
261104
261085
261076
261060
261050
261047
260984
260983
260942
260870
260754
259922
259921
259575
259433
233940
233480
232831
232646
232575
232117
232081
231959
231901
230884
230766
230200
230198
229096
229094
228840
162776
162307
162304
162146
161989
161928
161894
161887
161882
161721
161502
161416
161212
161201
161160
160956
160892
160778
160673
160654
160553
160552
160438
160364
159925
159924
122638
122635
122633
122632
122631
122630
122629
122628
122627
122626
122625
121394
121165
121080
121069
120902
120628
120618
120616
120530
120454
120395
120393
120386
120337
120318
120156
120106
120105
120067
120066
119958
119951
119934
119794
119792
119500
119454
119213
118934
118928
118925
118798
118790
118789
118721
118394
118299
118185
117980
117979
117970
117731
117655
117555
117553
117185
117058
117051
117050
116953
116806
116539
116515
116513
116499
116380
115983
115917
95077
95075
94935
94476
94426
94341
94339
94335
94059
93533
93389
92919
92867
92556
92393
92392
91928
91924
91915
91911
91900
91894
45372
45116
44944
44943
44941
44655
44647
44577
44310
44102
44100
43988
43869
43712
43705
43312
43185
43039
42824
42335
42308
42222
41792
41686
41445
553524
553522
549599
542679
542677
542207
531853
520166
520157
490848
396609
396608
396477
392977
121958
118359
118358
118357
42848
40048
503123
503115
503112
91969
293576
293569
531975
530886
394444
121260
118434
529878
529871
119117
93352
574620
522993
519464
519451
515875
391347
91867
573806
514049
510196
490834
490826
490820
390295
118345
40047
492293
114834
531843
393283
316532
259344
534276
534275
534272
534240
534235
534231
524512
524507
524506
232774
574678
574619
530143
519563
519419
519394
516340
505234
390851
388679
91832
91814
91809
490810
490806
229409
159680
40046
574483
551589
551585
549301
547333
545472
545470
538942
522423
521348
510877
495683
399405
397553
397031
389767
260147
121785
118330
118303
42845
293557
293556
392496
534227
534226
534216
118563
118432
532315
532053
531837
531833
531551
519386
519385
519383
519382
519356
505222
394466
391338
91779
91774
91767
91764
91744
91727
42833
522814
522813
516744
516741
516740
516739
516738
498992
498984
490790
490778
393946
392284
226729
117333
117331
114678
10297678
10245304
10245303
10245302
10245186
10244920
10244919
10244918
492242
386122
230596
230590
230138
523433
398739
398730
392495
230473
545287
514899
394949
390515
316190
260303
545244
545242
543066
522806
522805
519339
519337
392280
316930
316349
316119
315264
232326
159118
91047
91045
91044
91033
91029
91024
498980
493963
492068
480648
480644
480643
480642
384041
316849
225581
118340
113573
12261686
11630668
583548
583445
583400
583178
583124
583095
583093
583082
583069
583051
582799
576045
575668
575586
575309
575267
575168
574609
574594
574377
556132
556124
555636
555105
554548
554518
554404
554137
552963
552672
552670
552652
552649
552618
552445
552162
552161
552154
551712
551577
551516
550770
550719
550611
550289
550288
550287
550284
550274
550235
549844
549243
549242
549241
549240
549214
548807
548605
547835
547746
547579
547578
547576
547401
547272
547263
547007
547005
547003
546794
546789
546788
546787
546785
546760
546758
546726
546719
545151
545150
545149
544912
544910
544903
544811
544637
544636
544635
544632
544631
544377
544372
544351
544316
544206
543824
543822
543671
542721
542717
542661
542300
542063
541213
541212
541059
541058
540734
540198
540090
540089
540087
539704
539698
539528
539406
539404
538892
538890
538743
538482
538406
538405
538048
537845
537822
537623
537296
536865
536633
536476
536358
536352
536348
536345
536344
536343
536342
536335
535969
535968
535290
535271
534945
534935
534555
534338
534336
534331
534069
533782
533440
533438
532744
532743
532557
532486
532484
532371
532146
532034
532033
531213
530974
530973
530972
530969
530968
530967
530966
530965
530964
530963
530962
530700
530694
530693
530623
530237
530051
529973
529882
529881
529713
529712
529711
529710
529709
529708
529706
529699
529698
529696
529693
529538
529312
529307
528791
528790
528789
528787
528786
528389
528164
527919
527788
527743
527742
527733
527452
527403
526945
526905
526902
526151
526146
526145
526011
526005
526001
525998
525994
525886
525884
525878
525874
525873
525766
525702
525699
525698
525676
525674
525173
525017
525016
525008
525007
524952
524822
524821
524819
524817
524810
524806
524804
524721
524671
524668
524667
524652
524651
524200
524199
524189
524184
524109
523702
523701
523425
523421
523420
523373
523369
523366
523253
522352
522351
522350
522349
522348
522347
522346
521841
521391
521390
521382
521377
521376
521371
521370
521368
521367
521341
521289
521288
520599
520109
520035
519175
519172
519164
519150
518785
518778
518777
518775
517932
517877
517873
517316
516954
516900
516537
516536
516422
516416
516415
516414
516249
516248
516244
516243
516242
516241
515972
515626
514702
514701
514700
514698
514274
514271
514226
514221
513535
513532
513470
513463
513456
513453
513384
513377
513301
513299
513298
513297
513296
513295
513294
513293
513291
513290
513112
513111
513058
512990
512519
512518
512497
512495
512457
512455
512090
512035
512034
512028
512026
511927
511439
511437
511430
511416
510989
510986
510984
510983
510901
509870
509863
509845
509601
509597
508692
508686
508135
508034
508024
508022
508021
508016
507882
507880
507527
507526
507524
507280
507279
507119
507104
507093
507086
507085
507015
507008
507006
507000
506430
505895
505687
505686
505255
505247
505245
505093
505092
505090
505087
505079
505072
504681
504487
503994
503985
503879
503700
503699
503379
502694
502693
502111
501823
501819
501808
501372
501368
500931
500755
500751
500750
500748
500318
500080
500078
500077
500076
499812
498837
498830
498829
498818
497923
497584
496718
496497
496238
496235
496120
496115
496114
496107
496106
496099
495848
495517
495412
495404
494070
493544
492830
492220
492217
491730
490721
490720
490719
490718
490716
490715
490713
490712
490233
487555
486263
486252
400539
400520
400372
400293
400228
400089
400024
399623
399389
399388
399386
399385
399384
399383
399381
399380
399209
399108
399058
398023
398022
398021
398020
398019
397971
397955
397954
397934
397933
397931
397930
397595
397343
397223
397221
397220
396975
396918
396708
396619
395983
395852
395845
395815
395814
395752
395625
395400
395156
395151
395150
395149
395148
395147
394831
394359
394135
394133
394072
394054
393899
393898
393780
393779
393777
393776
393611
393550
393549
393315
393145
393144
393127
392893
392889
392631
392630
392629
392488
392100
391790
391716
391499
391498
391437
391317
391143
391059
391058
391033
390933
390932
390930
390918
390917
390860
390590
390483
390359
390358
390177
390157
390156
390154
389848
389846
389829
389772
389561
389552
389189
389183
389154
389111
389069
389047
389036
389034
388866
388859
388649
388648
388519
388518
388517
388335
388268
388124
387982
387920
387671
387654
387327
387211
386864
386811
386810
386809
386749
386543
386541
386240
386239
386120
385814
385692
385017
318047
318016
317730
317596
317480
317315
317314
317222
316895
316894
316860
316838
316686
316623
316615
316602
316127
316040
315876
315856
315741
315718
315717
315713
315705
315614
315261
315260
315050
314972
314919
314918
314809
298839
298600
297230
295696
295695
295641
295369
294936
294532
294531
294363
294247
293500
292840
292828
292207
290946
290938
262295
261782
261072
260833
260707
260700
259707
259705
259641
259569
259068
259001
258998
233560
233399
231890
231740
231603
231248
231179
231158
231129
231123
231071
230633
230214
230213
229458
228642
228221
227936
227911
227909
227300
162348
162345
161910
161581
161567
161383
161380
161322
161147
161021
161020
160971
160874
160873
160788
160721
160715
160679
160648
160370
160264
160172
160171
160170
159901
159870
158959
158626
122780
122141
121900
121898
121783
121595
121533
121525
121521
121243
121116
121114
121113
120877
120875
120873
120447
120391
120390
120308
119925
119922
119603
119602
119390
119223
119222
119118
119092
119029
119001
118999
118996
118709
118688
118673
118494
118493
118492
118439
118298
118272
118270
118145
117653
117259
116834
116821
116725
116605
116551
116550
116368
116317
116207
115928
115927
115638
115579
115563
115307
115272
114906
114356
95400
95347
95065
94906
94905
94598
94528
94431
94267
94244
93744
93359
92859
92781
92480
92039
92036
90732
90636
45419
44872
44762
44754
44751
44742
44741
44738
44737
44736
44735
44702
44516
44444
43959
43503
43309
43114
43048
43047
43026
42822
42636
42184
42075
41955
41850
41681
41680
41285
40210
537908
537907
537906
537903
537902
537901
537900
537899
537898
537894
537886
537884
530435
530430
529933
394233
295114
160100
43964
43034
534201
534199
534196
514892
494422
494419
494418
494416
583590
553690
552732
531545
519294
519279
519275
505202
391330
117386
91015
91012
91011
90993
90991
582611
500346
500345
500344
486229
397404
481540
390921
293115
113680
39253
392351
293554
93256
583301
523432
514877
392457
392456
160543
530663
530660
114823
575543
575254
543994
532289
516017
516015
516014
509172
509162
509159
509158
492402
396976
390734
386148
386147
386146
386145
318492
318488
318487
318461
233813
120758
114867
90960
90957
90954
90939
90938
537570
519685
502965
480607
480605
480604
480594
480593
384037
117323
117322
117320
117318
117314
117313
117312
113877
511068
481530
481526
384251
231837
529915
529913
523429
230471
538289
537607
537606
537605
516726
516719
505603
505596
499405
484659
397872
393678
387432
316133
225954
119947
118954
118597
552727
552724
550418
519256
519249
519225
515712
399712
391324
391323
117872
117543
90897
90880
90859
582610
527006
527003
526999
526998
498947
480585
480580
480579
480577
113570
113569
511065
481515
260005
547128
545189
545187
522539
522536
522535
10316914
10313886
10288479
10245976
10245975
10245974
10245973
10244650
10244649
10244648
10244647
10244646
10244063
538839
538837
534175
534173
534172
514864
229567
229565
229564
516337
516332
516326
514197
514181
509148
509136
509135
509118
492561
492560
492559
390849
390346
390345
387196
115566
90855
90852
90847
90838
90813
45055
498956
470094
116367
114813
114811
114807
40123
556240
502676
502675
502674
388121
394142
388721
259360
12278314
11628013
11614397
11613640
11496375
583522
583449
583369
583133
583132
583062
583052
582881
582601
575784
575143
574903
574475
574368
574361
573969
573968
573853
573778
573610
573546
573385
555818
555817
555813
555812
555632
555629
555456
555455
555454
554026
554010
554009
554008
554007
554005
553757
551568
551559
550764
550759
550758
550344
550255
550250
550247
550246
550226
550224
549946
549855
548594
548490
548488
548485
548483
548166
548164
548163
548158
548016
547999
547807
547375
546755
546656
546418
546415
546413
546412
546411
546410
546409
546407
546397
546028
545230
545229
545228
544005
542860
542859
542858
542695
542218
542014
541917
541639
541457
541355
541315
541301
541286
541002
540864
540861
540629
540389
540375
539971
539932
539825
539819
539804
538412
538363
537958
537831
537144
537142
537141
537124
536755
536615
536045
536030
535486
535482
535479
535239
535233
535231
535220
534576
534051
533701
533698
533594
533072
532944
532938
532925
532922
532903
532863
531725
531723
531443
531416
530613
529663
529189
528770
528686
528375
528364
528345
528332
528313
527780
527741
527430
527368
527366
527345
527061
527057
526415
526124
525867
525853
525852
525851
525320
525097
524178
524176
524170
524166
524073
523871
523410
523404
523399
523310
523277
523241
523240
523238
523225
523201
522888
522887
522448
522447
522446
522445
522444
522443
522442
522441
522440
522403
522402
522401
522400
522399
522398
522391
522222
522221
522218
522217
522176
522028
522027
521955
521609
521501
521500
521281
521279
521258
520878
520863
520344
520338
520075
519943
519942
519941
519939
519938
518452
518404
518401
518400
518397
518396
518395
518073
517506
517498
517344
516650
516649
516641
516640
516625
516557
516551
516482
516404
516395
516365
516142
516140
516121
515995
515991
515989
514857
514677
513631
513601
513287
513286
513285
513284
512809
512801
512677
512667
512663
512442
512440
512438
512425
512421
512420
512415
512414
512413
512083
512080
511429
511427
511426
511425
511423
511293
511287
511223
510941
510940
510523
510066
509987
509981
509658
509296
509294
509193
509192
509189
509051
508991
508683
508676
507984
507905
507872
507868
507856
507540
507535
507534
507518
507516
507513
507511
507510
507338
507139
507042
506600
506597
506596
506454
506453
506451
506278
506228
506227
506226
506224
506214
506105
506094
506092
505818
505803
505801
505800
505793
505789
505786
505780
504823
504818
504114
504113
504112
504111
504110
504109
504108
504107
504106
504105
504104
504103
504102
503978
503977
503259
503009
503006
502800
502683
502394
502204
502202
502184
502158
501781
501458
501264
501220
500216
499927
499283
499263
499015
498745
498742
498741
498550
498549
498011
495693
495641
495640
495639
495635
495634
495633
495632
495631
495630
495629
495598
495592
495591
495569
495566
494008
494007
494006
493833
493506
492812
492808
492635
492621
492498
491336
490691
490688
489965
489961
489656
489653
489650
489648
485826
485760
485755
485751
485744
485736
485735
485617
484982
484981
484980
484979
484953
484517
484503
484437
484427
483175
483174
483144
483136
483135
483130
482991
482988
482985
482982
482174
482171
480993
480970
480500
480499
480497
480059
480050
480034
480033
479784
479501
479488
479413
478497
478491
477441
477435
477429
477177
477176
477174
476899
476874
476300
472319
472287
472279
467919
400311
400276
400275
400109
400108
399176
399056
398865
398542
398347
397924
397923
397800
396978
396966
396742
396676
396460
395891
395805
395644
395560
395467
395328
395327
395325
394894
394510
394509
394371
394271
394270
393751
393720
393718
393716
393715
393714
393713
393711
393548
393411
393410
393290
393203
393201
393142
393141
393075
393074
393057
392935
392934
392913
392911
392778
392776
392490
392450
392322
392320
392220
392192
392191
392190
392123
391848
391847
391712
391469
391202
391150
391149
390747
390510
390269
390248
390144
390114
390084
390072
390066
390064
390062
390061
390003
389874
389841
389719
389672
389558
389354
389353
389351
389281
389051
388952
388950
388913
388883
388453
388413
388412
388275
387609
387606
387600
387408
387340
386940
386938
386796
386795
386783
386523
386522
386521
386497
386474
386237
386236
386195
386181
386180
386028
385954
385769
385179
385003
384960
384941
384858
384857
384025
383934
383602
318034
316956
316933
316758
316757
316610
316512
316482
316132
315927
315740
315715
314766
314503
314502
298779
294911
294457
294397
294388
294386
294347
294155
293402
292410
292164
291854
291515
291512
291465
290869
290047
289743
289735
289479
264100
261946
261788
261529
261125
261102
261029
261003
259542
259522
259056
259054
258991
258599
258282
233409
232852
232658
232655
232307
232306
232305
232302
232301
232300
232127
232099
231752
230758
230637
229279
229221
229206
227797
227569
227326
225132
161711
161710
161373
161372
161371
161079
161037
161035
161033
160918
160511
160404
160402
159837
159666
159595
159578
159577
159575
159445
159444
159443
159378
159264
158610
158056
122170
122044
122003
121937
121629
121621
121586
121386
121384
121242
121235
120655
120595
120282
120053
120007
119955
119617
119330
119328
119294
119179
119086
119085
119076
119075
119014
119011
119010
119009
119008
118984
118983
118981
118835
118720
118528
118304
118296
117748
117691
117671
117594
117591
117225
117106
117093
117073
117060
116708
116707
116706
116705
116582
116580
116459
116458
116432
116216
116180
116100
116055
116025
115797
115796
115795
115794
115386
115313
114597
114579
114538
114181
114026
114023
114009
113519
95159
94322
93977
93606
93049
92834
92595
92121
92009
91200
90493
90060
44628
44625
44621
44618
44612
44610
44609
44608
44607
44604
44603
44176
44085
43598
42524
42043
40727
40434
39355
39354
553517
550115
545132
535335
535334
535332
398976
397409
119605
583185
519208
519205
519201
519187
516322
492556
391319
390848
390847
121639
114891
92850
90789
90785
90779
583359
582842
492061
480564
480548
477569
394001
384031
316872
231206
114805
499964
258422
492551
491803
386167
292870
292869
229443
290114
113784
531953
493104
493100
386269
316941
315059
386143
583291
550387
550384
550381
519621
519613
519611
509092
509091
509077
509069
509066
481802
389342
388615
386142
316498
229952
226896
162080
118324
90316
509472
509471
480540
389424
117311
92761
41168
535846
471007
258892
258534
113711
113480
538301
228429
228421
228414
41322
573856
503816
503815
503810
483452
483451
391520
386131
116205
113922
537598
533530
506296
491790
491787
483295
481789
388880
387176
386009
384599
384273
317128
258842
160606
113907
89605
89599
89566
89561
470074
470063
470062
298145
114793
41152
499958
381923
291567
257560
481028
481025
384116
292857
292852
117404
505432
493084
493080
483443
226936
10315075
10247462
10244549
10244356
582618
552714
550365
514152
514145
497741
497731
497724
399711
390338
228407
228403
227524
121637
115539
90266
90256
492051
470044
470035
382357
114787
114785
114783
114782
114778
112367
488887
488882
314925
257512
111119
502666
502665
384534
258533
258532
258531
258530
258528
258526
258525
544831
544815
392494
390513
574625
159254
16108260
11658324
11630711
11628212
583393
583381
583317
583258
583187
583143
583070
582581
582497
582433
575580
575286
575236
574667
574642
574584
574581
574577
574152
573752
573751
573750
573749
573585
573057
572879
572870
556223
556154
554602
554132
553103
553100
553099
551705
551364
551361
551360
550733
550732
550731
550370
550354
550323
549211
549196
547154
547149
545137
544724
543838
543836
543834
543830
543809
543353
543352
543350
543003
542998
542793
542792
542765
542764
542761
542760
542395
542158
542157
542155
542086
541513
540956
540848
540842
540784
540782
540259
539870
539869
539727
539714
539223
538901
538827
538823
537711
537710
537585
536197
536196
536194
536021
536014
535956
535955
535949
535948
535947
535945
535944
535469
534429
533958
533957
533900
533899
533646
533644
533525
533230
532551
532336
532335
532334
532333
532332
532331
532330
532329
532328
532209
531721
531716
531713
531272
530861
530293
530291
530124
530044
530043
529355
527745
527548
525937
525935
525927
525486
525474
525473
525471
525346
524924
524450
524448
524445
523812
523808
523749
523748
523695
523688
523687
523382
523362
523361
523359
523356
523355
523354
523353
523352
523351
523350
523349
523348
523347
523346
523345
523167
523163
523107
522860
522653
522652
522604
522603
522602
522601
522600
522599
522598
521307
521047
520263
519927
519926
519094
518165
518110
518104
517570
517569
517564
516982
516357
516174
516173
516172
516171
516170
516169
516168
516167
515849
515808
515807
515802
515726
515486
515482
514969
514966
514965
514964
514963
513309
513303
512789
512505
512489
512486
512484
512449
512074
512070
512057
512056
512055
512051
511913
511911
511908
509955
509839
509835
509827
509817
509809
509788
509669
509284
509279
509275
508976
508601
508458
508070
507795
507792
507790
507787
507784
507713
507033
507032
506567
506266
506265
506261
506256
506255
506128
506125
506070
506056
506053
506049
506043
506036
506030
506029
506018
506017
506009
505885
505882
505873
505871
505870
505868
505867
505865
505852
505756
505748
505740
505736
505158
505153
505150
505148
505146
505143
505142
505141
505138
505042
504966
504149
504137
504136
504135
504134
504133
504132
504131
504130
504129
504128
504127
504126
504068
503713
503684
503653
503631
503611
503608
503607
503606
503605
503604
503585
503566
503559
503525
503296
503294
502994
502257
502155
502154
502153
502152
501924
501922
501920
501919
501918
501917
501910
501711
501385
501217
501158
501155
501153
501145
501067
501054
501052
500948
500939
500938
500516
500515
500477
500275
500191
500188
500187
499911
499904
498899
498565
498308
498301
497905
497700
497695
497146
497097
496758
496205
496204
496202
496195
495904
495896
495621
494903
494771
494767
494763
494762
494759
494603
494597
494596
494562
494560
494253
494252
494210
492970
492472
491383
491372
490744
490742
490741
490740
490738
490559
489728
489727
489726
489724
489721
488401
487737
487679
487486
485835
485832
485609
485177
484938
484770
484768
484683
484002
483997
483498
483496
482584
481986
481972
481971
481970
481049
480921
479806
479802
479579
479248
479247
479246
479243
477401
477398
476589
475874
475536
475521
475520
475191
475190
475189
475188
475187
475186
475172
475170
475168
475167
474880
474878
474876
474841
474658
474645
474589
474588
474554
474550
474526
474372
473490
473487
473037
473028
473027
472862
472861
472858
472842
472835
472230
471855
471854
471850
471847
471383
471368
470539
470463
470420
470274
470016
470015
470012
470011
469687
469674
469659
469588
468881
467982
467123
467121
466961
465739
465195
465185
465184
465182
456855
400518
400100
400099
399778
399170
399044
399042
399040
396920
396919
396705
396639
396632
396628
396607
396463
395732
395616
395462
395112
395111
394367
394366
394364
394363
394362
394120
394046
393792
393552
393161
393159
393149
393148
393072
393063
392987
392668
392627
392626
392578
392575
392574
392486
392483
392480
392479
392478
392477
392476
392475
392392
392213
392212
392097
391356
390797
390724
390722
390529
390221
390112
389960
389799
389798
389674
389516
389494
389258
389158
389156
388876
388798
388670
388416
388177
388019
387995
387994
387993
387992
387955
387899
387887
387706
387705
387704
387702
387701
387700
387689
387621
387597
387596
387436
387341
387306
387305
387304
387303
387302
387301
387300
387299
387298
387070
387016
386895
386890
386785
386709
386669
386668
386590
386587
385911
385620
385615
385614
385570
385517
384966
384894
384893
384892
384856
384789
384645
384644
384643
384642
383884
383285
383051
383048
382942
382939
382938
382935
382888
382886
382839
382838
382837
382836
382409
382383
382239
381792
381687
381623
381621
381620
381619
381618
381617
381248
380596
317931
317833
317832
317760
317380
317347
317242
317197
316662
316594
316593
316550
316376
316375
316211
316197
316195
316007
315967
315754
315556
315555
315554
315444
315403
315258
315185
315144
315143
315112
314623
314622
314415
314372
314371
314285
314242
314041
313980
313867
313801
299406
299380
298398
293597
293515
293514
293511
293072
292934
292933
292186
292177
292176
292174
292171
292168
291539
291125
290834
288776
288773
288486
263703
263227
262816
262707
262504
262486
262479
262308
262218
262215
261937
261934
261930
261929
261551
260662
260570
260568
259881
259770
259524
259523
259421
258590
257336
233383
233381
232341
232340
232119
232006
232005
231577
230800
230777
229295
229084
228693
228591
228552
228097
227972
227971
227829
227790
227647
226489
225721
225383
224848
224704
224353
224161
223517
223423
162511
161638
161608
161519
161516
161514
161513
161495
161392
161286
161078
160724
160591
160520
160482
160263
160200
159861
159795
159748
159532
159448
159447
159065
159063
159061
158731
158730
158729
158728
158727
158726
158721
158720
158048
157858
157699
157691
122390
122314
122281
122260
122041
121864
121863
121862
121861
121860
121859
121858
121857
121856
121855
121853
121852
121851
121850
121849
121848
121847
121846
121845
121844
121841
121840
121839
121838
121837
121836
121835
121834
121833
121832
121831
121829
121828
121827
121826
121825
121824
121823
121687
121686
121616
121449
121147
120605
120566
120400
120399
120397
119708
119364
119142
119057
118924
118693
118692
118634
118607
118498
118491
118256
117881
117880
117399
117152
117109
116795
116222
116138
116041
116007
115998
115932
115802
115786
115625
115186
115185
115184
115183
114675
114534
114533
114532
114127
114072
113774
113481
112953
112856
112691
112514
111888
111516
95214
95055
94493
93786
92847
92812
92811
92466
91270
90666
90359
89896
89552
89535
89534
89514
89507
89499
45190
45045
44850
44523
44057
44050
44048
43597
43091
42958
42890
42306
41833
41762
41117
41057
41012
39946
39481
39285
38662
38439
38066
38061
539079
511495
511494
511493
511492
498945
492297
477525
477518
386129
226886
91108
553544
460367
257653
503942
483434
41227
10277984
516353
514137
514136
514133
514123
487041
487033
487032
487004
487003
487000
390852
385103
385102
292276
89476
89463
89446
491920
459068
459060
379379
488880
460343
460340
257635
529908
40176
494415
494403
41890
481894
552748
550482
486986
486979
486978
486977
486972
460655
460654
111796
89417
89396
89389
494126
494125
467276
467271
462175
449009
449004
221697
158843
468090
460327
460326
460324
460323
287650
111123
572638
534305
534302
532162
524971
500464
496802
494679
494678
494672
494207
494206
494205
488615
481378
392965
387688
387687
384108
261816
120084
314112
514846
514845
550473
550468
505922
505919
486928
471098
88640
88631
88607
10309064
10297568
10277990
10247197
10245104
10245103
10245102
10245101
10244026
10243873
10243872
10243871
10243706
10243701
10243700
473771
467266
467264
448989
448988
448983
382641
156871
460424
450025
257619
481014
386191
290920
481893
481891
481886
383458
383455
258517
158218
476462
476461
476450
476436
476432
111794
89348
89334
493065
456281
448966
448959
376889
376888
313336
221694
460412
450012
450004
450003
450002
257465
109765
88011
12336032
12336028
12336027
583419
583327
583151
582866
582865
582864
582798
582797
582482
582377
582301
575289
573786
573756
573436
573082
572662
572635
555331
553769
553766
553750
553741
552561
552558
548790
548527
547001
547000
546999
546998
546774
546773
546771
546769
546768
545055
545053
545052
545051
545050
545049
545048
545047
544509
544507
544456
542317
542081
542073
541742
541729
541335
540835
540827
540662
539106
537937
537305
537303
537129
536959
536396
533659
533504
533501
533492
533490
533486
533409
531537
531536
529470
529408
527835
527832
527087
527055
526889
526888
525924
525917
525916
525914
525288
524941
524554
523913
521862
521665
521337
520853
520252
518088
517990
517036
517034
516715
516701
516700
516512
516510
516507
516284
516263
515909
514916
514120
513507
512401
512036
511991
511989
511987
511985
511984
511554
511550
510862
510645
510644
509384
508167
507935
507924
507547
506392
506390
506336
506248
505594
505592
505359
505342
505185
504059
503669
503450
503449
503442
503439
503438
503436
503435
502416
502406
502284
502283
502279
502278
502276
502275
502274
502273
502272
502271
502270
502269
502268
502267
502234
502231
502219
502218
500454
499724
499331
499246
499026
498585
496595
496487
496455
496454
496095
496093
495066
494896
494750
494749
494748
494740
494739
494000
493236
492609
492461
492456
492071
491811
491351
490898
490897
490668
490531
490302
490285
490070
490031
490030
490024
489408
489407
489277
489130
489127
489126
489125
489122
488621
488479
487957
487820
487735
487733
487732
487324
486842
486325
486299
486248
486247
486246
486067
485129
485128
485127
484578
483755
483748
483744
483741
483740
483739
483668
483566
483551
483550
483549
483300
482272
482271
482270
482269
482268
482267
482266
482265
482264
482263
482262
481999
479976
479646
479645
479644
479642
479637
479636
478521
478518
478269
478240
476569
475161
475158
475154
474700
474499
474493
473470
472823
472806
472204
472202
472200
472199
471621
471604
471511
470961
470952
469975
469974
469931
469929
469292
467216
466915
466009
466001
465996
464815
464814
464809
464714
464711
464703
464700
464699
464687
464633
464632
464630
464489
464488
464234
463980
463939
463937
463931
463927
463926
463842
463841
463838
463758
462372
462355
462353
462349
462346
462097
461790
461777
460760
460758
460753
459660
459189
459030
459015
458250
458240
458194
458085
458056
456064
456062
456053
455881
455879
455670
454842
453408
453407
453027
450824
450822
448585
448577
448557
448435
448434
447277
447087
447055
447043
445778
400237
398448
398447
397577
396745
396182
395793
395792
394739
394732
394491
394313
393786
393668
393147
391710
391653
391542
391541
391510
390869
390866
390670
389956
389953
389950
389949
389948
389947
389946
389945
389916
389400
389176
389175
388921
388893
388515
388404
388277
388262
388261
388260
388065
388064
388063
388031
388008
387647
387574
387407
387019
387018
386862
386738
386711
386661
386660
386659
386654
386653
386652
386651
385964
385894
385656
385562
385504
385503
385500
385499
385095
385012
384896
384788
384787
384396
384395
384394
384393
384392
383856
383855
383854
383565
383372
382931
382859
382829
382381
382081
382079
381665
380733
380440
380435
380434
380433
380432
380416
380336
380033
380028
379440
379438
379371
379212
379210
379207
378507
377345
377338
376808
376394
376174
318049
318048
317525
317493
317318
317302
317289
317263
317175
317151
316620
316423
316226
316225
316224
316222
316014
315964
315529
315309
315296
315141
315087
314966
314911
314886
314777
313780
313769
313315
312922
298651
293922
292646
292387
292386
292385
292384
291820
291811
291807
291804
291787
291696
291420
291419
291417
291406
291404
291401
290351
289269
286782
286775
286774
264094
263425
263421
263418
263417
263416
260555
260550
260540
259860
259607
258586
258244
257246
256715
231626
231126
229616
229615
229573
229572
229121
228648
228613
228344
227978
227782
227336
226737
226505
226477
226386
226302
225874
225858
225130
223519
223485
223436
223096
222838
221641
221640
162272
161994
161009
161003
160399
160108
159382
159146
159047
158741
158702
158568
158567
158400
158376
158370
158368
158366
158252
158190
158189
158025
157954
157950
157546
157244
157104
157096
156747
121443
120476
120448
119818
119817
119816
119815
119814
119315
119215
118801
118800
118507
118305
117624
117565
117564
117222
117145
117078
117024
117023
117022
116646
116630
116314
116313
116182
116181
116163
115822
115626
115488
115452
115429
115380
115181
115178
114492
114489
114488
114486
114354
114263
114197
114196
114195
113469
113468
113183
112689
112573
112572
112571
112257
112255
112254
112253
112121
112117
111593
111574
111543
111541
111363
110892
110879
110875
110615
110539
110538
110537
110125
110102
110085
110078
93272
92814
92481
92108
91999
89825
88919
88898
44513
44107
42216
41847
41512
41469
39911
39703
39103
38718
38717
38340
36744
36743
527297
518762
518761
518758
492357
492356
475564
473877
470879
383042
224301
112376
475456
471493
552742
494033
492041
492026
476419
476402
472695
379659
226850
114741
114740
89326
89322
89321
89313
89292
89286
481312
448941
448937
448926
376887
112352
257451
529903
386188
290908
290899
290111
231155
226912
531942
92017
573432
582424
555120
519594
494030
466355
466345
460651
386529
386528
380775
379707
379706
316354
88603
88602
88577
88571
88562
88558
88554
582656
492350
485517
485516
485513
485512
485511
485510
485509
485384
485369
485239
451601
448920
448913
448906
376883
158341
111112
111110
111109
43887
515492
457011
449972
449951
313005
313003
257584
471935
471934
573372
545764
536606
493167
481564
481563
481562
481561
384256
384255
583091
545880
535329
506320
506318
506302
500443
486063
473153
473149
470510
470506
463966
463957
463952
462055
397676
388886
314204
226061
115817
92106
555117
502947
493052
466325
466306
466288
380771
379705
379704
87985
87978
87977
87963
87948
448898
448880
388925
378633
112351
449937
257432
109754
10308953
10243669
10243549
10243548
10243267
10243232
10243231
10243230
10243229
290894
290890
40172
582603
227256
514842
92785
552707
552705
493041
483102
466286
466281
466273
466270
466269
466260
460472
386263
379657
87936
87933
87929
87925
87888
38002
470792
470791
456270
448873
381882
376881
112451
449905
383449
383445
382413
255771
113195
36558
471932
384079
287496
473404
473401
380383
16296486
16296483
16296468
16296467
16296454
12336877
12335998
11661821
11614361
11496647
583482
583323
583084
583045
582839
582607
582595
582592
582591
582299
582283
575566
575193
575187
574325
574273
574136
572885
572651
572258
572182
572092
556532
556204
555864
555088
554546
554545
554469
554116
554002
553888
553884
553882
553665
553664
553198
552542
551515
551514
551513
551512
551511
551510
551509
549984
548902
548816
548678
548670
547370
545641
545458
545089
545082
545076
545074
544499
544494
544493
544489
543308
543297
543295
543292
543086
543085
543076
543075
541962
541958
541957
541956
541330
541323
541264
541092
541090
541089
541030
540727
538991
538399
538398
538127
538125
538116
538114
538113
538112
538111
537493
537492
537491
537490
537489
537488
537487
537486
537485
537448
537297
537222
536600
536598
536334
536333
535803
535801
535118
535113
535112
533650
533649
533353
533348
532900
532640
532482
531782
531438
531436
531386
530766
530765
530762
530761
530111
530108
529672
529337
529170
528695
528690
528689
528021
526424
526354
526205
526203
526171
526170
526157
526153
526092
524787
524779
523183
523182
523181
523179
522093
522054
520247
520242
517717
516388
516386
516382
516154
514911
514666
514661
514656
513652
513651
513650
513649
513648
513439
513438
513437
513436
513435
510968
510967
510961
509381
509336
509335
509256
507637
507636
507492
507491
507485
507420
507417
506550
506549
506481
506470
506466
506195
506194
506193
506192
506155
506150
506148
505848
505846
505841
505835
505834
505832
505827
505825
505235
505121
504889
504888
504887
504886
504885
504884
504813
504806
504125
504124
504123
504122
504121
504120
504119
504118
504117
504116
504115
503512
503054
503052
502983
502340
501842
501841
501840
501839
501838
501735
501332
501184
501033
500869
500865
500840
500799
500798
500797
500796
500795
500794
500739
500435
500433
500159
500155
500152
499895
499894
497628
494668
494389
494384
494382
494381
494023
494020
493952
493946
493364
492969
492188
492187
492105
491425
491280
490893
489500
489489
489488
489425
489043
487248
487247
485866
485573
485572
485567
485202
485201
485198
485197
485193
485151
484807
484802
484799
484798
484797
484796
484795
484794
484023
484022
484021
484019
484018
484009
483790
483652
483645
483644
483515
483476
483475
483042
481808
480893
480023
480012
480010
480005
479913
479653
479623
478861
478858
478816
478645
478644
478642
478641
478640
478635
478514
478428
478353
478352
478346
478345
478040
477574
477376
477283
477056
476821
476342
476340
476023
476000
475991
475990
475989
475271
474010
474004
474002
474001
473757
473754
473752
473751
473750
473455
473145
472766
472765
472763
472098
471846
471838
471670
471659
471657
471482
471207
471205
470980
470978
469214
467945
467202
467191
466941
466905
465940
465712
465333
465332
465180
465179
465174
465173
464679
464677
464674
464460
464444
464393
464387
464385
464382
464379
464378
464215
464210
464208
464197
464189
464188
464187
464010
463916
463904
463847
463829
463822
463549
463535
463532
463531
463530
463267
461673
458979
458894
458893
458225
458201
458199
458198
457729
457722
457720
457303
456628
456627
456016
455878
455168
455165
455158
454512
454511
454503
454296
454177
454176
454175
454174
454173
454172
454171
454170
454169
454168
454167
454127
454076
454074
454066
454057
454049
454046
454044
454043
454042
454039
453891
453890
453004
452320
452317
452316
452231
452207
452085
451831
451819
451708
451704
451700
451689
451224
451223
451190
451185
451180
451064
450568
450562
450550
450549
450544
450374
449853
449663
449556
449389
449378
449376
449161
448147
446186
446178
446162
445732
445718
400596
399993
399991
399379
399378
399377
399376
399375
399374
399372
399370
399369
399319
398557
397507
397193
395618
395407
395406
395405
395402
395378
395330
395146
395145
394667
394618
394483
394266
393730
393342
393241
393240
392933
392768
392095
391538
390961
390241
389150
389149
388944
388943
388942
388684
388683
388681
388590
388589
388545
388414
388363
387810
387809
387808
387807
387796
387692
387685
387581
387324
386459
385968
385895
385583
385580
385579
385573
385519
385210
385184
385124
385123
385122
385121
384827
384825
384762
384358
384343
383973
383782
383668
383655
383622
383621
383620
383616
383608
383409
383399
383337
383312
383014
382966
382852
382841
382635
382634
382632
382627
382565
382562
382373
382175
381965
381921
381920
381811
381805
381370
380864
380687
380595
380594
380456
380455
380451
380430
380422
380352
380334
380321
380320
380319
379732
379432
379369
379247
379246
379244
378200
377971
377949
377933
377930
377544
377541
377539
377509
377326
376948
376560
376485
376233
376122
317684
317492
317259
316891
316889
316460
316162
315677
315669
315667
315666
315665
315664
315553
315552
315120
314758
314621
314613
314578
314538
314420
314157
314111
314110
314109
313852
313806
313800
313727
313547
313236
313205
313204
313080
313039
312974
299344
299154
298329
298324
298323
296416
295649
294840
294771
293920
293917
293005
293004
290352
290068
290066
289745
289655
289414
289413
289405
287916
287417
286762
262701
262535
262533
261281
259778
259628
258761
258760
258759
258758
258614
258262
258122
258116
257984
257715
257322
257243
257103
256754
256753
255808
255533
233415
233170
233167
232329
232328
231722
231053
230443
229545
229544
229543
229542
229540
229538
228513
228459
228088
227785
226510
226058
226004
225359
225267
225123
224265
222851
222562
221989
221868
221155
162238
161675
160961
160789
160600
160457
160455
160216
159979
159446
159132
158782
158586
158162
158154
158149
157977
157851
157765
157764
157763
157760
157632
157243
156521
156489
156322
156107
122594
122054
122052
121892
121436
120974
120364
119989
119090
119089
119047
118987
118742
118446
118422
117779
117273
117258
116577
116376
116375
116374
116373
116221
116218
116150
115949
115948
115896
115895
115894
115823
115378
115377
114513
114376
114368
114052
113612
113601
113518
113517
113370
113346
113341
113131
113073
112920
112808
112806
112711
112687
112686
112685
112285
112029
111591
110889
110887
110285
110279
110075
110071
110043
110038
109462
95079
94290
93839
92094
92092
91661
91621
91620
90431
89767
89758
89671
88492
88317
88179
45428
44476
43337
43166
41172
40424
39401
39399
39042
39031
38308
37391
37378
573845
505901
493606
492016
483095
470873
466208
462586
460465
388836
386058
287869
112374
91182
87884
87857
87851
87838
87830
87829
582305
485793
485788
485786
456258
448846
448844
448841
448836
385942
376879
376878
477676
449898
377103
256003
109752
470519
10242761
481006
462639
462636
462635
462634
471470
493017
473586
473584
466202
466201
455210
455209
455200
455195
379701
379700
378344
223238
114975
111759
87823
87819
87777
463044
459824
459822
448812
448805
446324
446317
111103
111099
111086
36484
440397
440396
440395
440392
255993
501474
463237
463067
256657
41035
380099
227113
111386
460863
493007
492997
483078
483073
471083
470730
466167
466145
466143
466141
466136
386259
381875
380752
159536
87770
87769
87737
571787
511736
511732
493593
473809
467599
463177
460032
459816
453279
446308
439363
394907
381889
374770
374767
223045
111083
111077
447171
447170
255984
483975
37095
12336481
10289214
10289213
10289212
10243336
10243046
10243045
541376
483837
482819
482818
482816
471825
384683
225779
113864
113863
112589
480657
470501
470498
381801
473577
472953
472950
472949
471770
471768
466125
466117
460449
460445
455186
455185
380749
257369
87714
87701
87700
582045
439337
439330
374763
258046
108413
471764
471758
471755
471753
255979
155779
505051
379476
482159
462600
460859
223102
483541
472933
470709
470698
470695
466078
466071
466058
466051
386258
386255
384653
384652
382395
380744
314035
111754
86895
86892
86886
86884
15648327
15648326
15648325
15648324
15648323
12339215
12335925
12335920
12335919
12335918
11643534
583420
583259
582620
582428
582427
582426
582425
582348
582266
582240
582234
582204
582169
582099
582087
582044
576025
576024
575285
574917
574858
572966
572356
572355
572354
572353
572352
572350
572349
572327
572323
572269
572200
572131
572016
572015
571675
555537
555536
555534
555531
555529
555526
555523
554949
552091
551196
549179
545924
544685
544682
543816
543814
543617
542888
542887
542886
542885
542070
542069
542068
536829
534098
534096
533721
533720
533719
533478
531710
528515
528505
528113
526666
526656
526653
526651
526650
526649
526647
526646
526645
526644
526643
526642
526641
526640
526639
526638
526637
526636
526420
524139
522741
521646
521645
521644
518418
518161
518160
518158
518157
516695
516690
515668
515667
515473
515472
511443
511442
506560
506540
505563
505562
505561
505555
505552
505551
505550
505549
503872
503869
503707
503702
503044
503040
503039
502743
502717
502466
502151
502150
502148
501693
500801
498577
498567
498314
498312
496709
496708
496474
496374
496371
496365
496186
496179
495882
495881
495880
494953
494952
493903
493823
493821
492589
492587
491996
491767
490095
490094
490092
490089
485994
485992
485101
484942
484176
484105
484104
484103
483386
483221
483219
483208
483152
483148
481950
481059
480841
480765
480392
480101
480100
480097
479840
479054
479051
478342
477155
477117
477112
477096
477095
476334
475354
475136
475127
475126
474133
474132
474081
473801
473795
473768
473710
473699
473654
473650
473645
473641
473381
473379
473378
472878
472875
472518
471798
471796
471648
471647
471646
471643
470333
470273
470156
470135
469871
469555
469392
469385
469014
469011
468738
468737
468457
468382
468351
468350
468349
468072
467999
467998
467816
467749
467300
467104
467102
467046
467045
466887
466886
466881
466880
466879
466878
466876
466875
466874
466872
466844
466639
466386
466385
466383
466382
466381
466031
465930
465697
465416
465415
465318
464998
463737
463422
463306
463305
463297
463261
462977
462973
462970
462681
462679
462456
462392
461429
461428
461426
461424
461423
461422
461421
461420
461419
461418
461417
461416
461415
461414
461413
461397
461394
461392
461391
461303
460587
460301
460261
459393
459268
459266
459265
459258
459257
459253
459251
459238
459228
459225
459201
458961
458953
458940
458937
458920
458280
458277
458274
458263
458180
458010
457738
457463
457412
457380
456187
455537
455240
455227
455105
455097
454287
454223
454165
454160
454159
454031
453944
453880
453861
453731
453730
453729
453728
453727
453726
453725
453708
453467
453256
453226
453156
453081
452311
452310
452306
452304
452293
452205
452194
451875
451869
451817
451816
451815
451812
451668
451665
451653
450817
450816
450810
450343
449539
449531
449413
449412
449411
449297
448782
448781
448537
448534
448533
448199
448198
448196
448195
448189
448167
448063
447459
447319
446767
446061
446060
446058
444321
443979
443978
443971
443699
443688
443684
443224
443221
443217
443216
443215
443182
443172
441388
441377
441376
441201
441200
441195
440073
439928
439926
439322
439321
439317
438878
438387
438255
438252
438243
438240
438236
438055
438051
438046
436535
436533
436526
436215
400661
400258
400255
400254
400253
400250
398753
398570
396915
396914
396678
396428
396427
396399
393331
392376
391409
391208
390679
390356
390355
389852
388934
388784
388775
388309
388183
388102
387817
387814
387482
386910
385700
385463
385182
384910
384721
384489
383677
383189
383128
383011
382655
382628
382618
382616
382531
382517
382508
382490
382485
382137
382029
381885
381774
381741
381708
381707
381704
381604
381332
381206
381205
381202
381200
381196
381188
381187
381180
381179
381178
381141
380933
380891
380862
380861
380850
380776
380737
380736
380735
380700
380634
380332
380243
380242
380241
380238
380217
380214
380213
380150
380104
379640
379414
379407
379366
379359
379336
379076
378901
378893
378892
378890
378889
378876
378874
378873
378872
378871
378869
378614
378140
378136
378114
378056
378055
378012
378010
377963
377942
377768
377529
377527
377363
377203
376807
376806
376805
376760
376698
376695
376694
376353
376255
376206
375858
375798
375720
375719
375717
375716
375712
374761
374418
374179
374178
316425
315611
314784
314627
314534
314092
314007
313940
313907
313621
313479
313456
313375
313211
313200
313078
312973
312970
312930
312928
312630
312602
312601
312600
298755
298751
296213
296075
296029
295631
292922
292921
292918
292915
292619
290360
288918
288531
288492
288400
288242
288237
287902
287815
287810
286029
263377
263374
263373
263372
261975
261974
261973
261972
261971
261970
258659
258144
258111
257164
256893
256869
256789
256733
256692
256691
256510
256424
255565
255326
233390
229080
228581
226849
225154
224896
224895
224739
224702
224331
224158
223810
223789
223788
223787
223268
222949
222948
222556
222139
221598
221435
221242
221230
162161
161812
161766
160307
158860
157786
157757
157636
157523
157465
157349
157314
157262
157048
157046
156915
156807
156676
156505
156243
122380
122157
122156
122155
122153
121891
121769
120735
120734
120614
120458
120457
118787
118784
118513
118125
117270
116965
116403
116210
116072
115945
115899
115412
115369
114896
114737
114699
113611
113219
113070
112891
112743
112423
112124
112059
112058
112056
112055
112052
111766
111765
111764
111763
111704
111547
111443
111442
111434
111433
111159
110891
110763
110728
110184
110137
109938
109934
109806
109551
109550
109501
109499
109498
109321
109027
109026
109025
109017
108997
108996
108984
108976
108969
108648
108052
108032
94467
93499
93261
93259
93089
92117
89632
89089
88922
88857
88856
88826
88825
88670
88541
88527
88186
87493
87126
87000
45336
43168
41424
41422
41421
41420
41418
39491
39128
38235
37823
37358
37172
37171
37170
36670
36669
36592
36591
36021
575320
573371
493582
493579
481558
470860
470855
452669
431695
431693
431683
400103
394906
386440
384254
115066
89752
462441
459624
459623
459621
459620
459619
459618
379475
482151
384378
377746
377744
313548
473565
473564
472922
461153
445102
445099
445097
445092
382608
379698
379697
286885
86842
86829
36658
470778
470777
463038
439300
439298
439297
439296
439289
381879
374757
112365
88672
447164
447163
431653
377241
376415
372809
449487
449486
449485
449483
449482
449480
449479
449478
449477
449476
449475
449474
449473
440071
440067
376982
376981
289008
572049
573314
462430
380001
377188
313127
256639
256638
256635
256634
88766
582459
473560
471749
471743
445270
445268
445070
445063
445062
445056
445055
445054
445043
445041
440470
440469
376056
86822
86821
86820
86806
86802
86801
86778
581886
430826
430809
387246
227094
227089
34739
447159
377239
256061
255950
521643
521639
521638
449472
312984
109710
542754
482690
481746
470836
470835
462958
460631
460114
453252
453247
453244
453237
451977
446651
442685
391661
379585
286602
256226
157640
155934
121968
452144
157594
112587
450444
10242654
10242652
10242204
10242196
10241557
10241556
10241555
473552
473550
462330
462329
455028
455027
455016
455015
440461
432603
378317
373107
86766
86759
86755
86722
545650
545649
545648
545647
498218
459795
449837
430801
298139
224312
112392
112391
112388
474316
458167
451963
431619
431618
431617
431616
379472
377238
372807
110989
107451
107450
313544
225808
225805
225799
384376
440726
471741
471737
471734
470763
470762
470750
446001
445307
445298
445026
445017
445016
444997
444995
444993
432600
382100
376269
376085
376084
375105
87669
87618
38383
449845
431481
430760
430758
108585
86150
37638
437645
437644
35452
449466
449465
376980
109238
15648340
15648338
15648337
12335956
12335903
12335901
12278409
11661764
583190
582432
582350
582332
582330
582261
582236
582067
582037
581878
575922
573766
573364
573351
572881
572477
572151
571862
571698
571676
571450
556228
555809
554779
554774
551508
550729
550727
550726
550725
550311
550310
550309
550308
549116
549114
548931
547527
545451
545449
544691
542747
542746
538529
534599
534597
531423
529618
528500
528495
528492
528491
525991
525989
525985
525059
525057
525049
524305
520935
518372
516681
516678
515611
515585
515523
514622
514617
514056
514051
511321
511268
511253
511252
509323
507712
507706
507348
506146
506140
506139
506136
506135
505889
505887
504942
504895
504893
503328
502730
496543
496537
493709
493648
492710
492707
492703
492701
491442
491249
491248
491247
490752
490519
488657
487358
486835
486269
485048
484286
484132
484128
484060
483884
483621
483618
483342
482667
482627
482252
481268
481179
480862
480861
480780
480779
480777
480776
479363
479357
479068
479067
479066
479065
479062
479061
479058
478504
477088
477074
477069
477063
476999
475686
475676
475502
475500
475494
475493
475415
475232
475118
475112
475110
475107
475044
474911
474908
474327
474251
472582
472351
472350
472349
472001
472000
471999
471998
471997
471995
471994
471993
471992
471991
471990
471989
471988
471987
471869
471787
471785
471638
471631
471628
470975
470973
470261
470260
470113
470109
470106
470105
470103
470102
470101
469985
469651
469008
468998
468753
468752
468582
468564
468558
468557
468447
468401
467182
467084
467083
466756
466564
465385
465225
464510
464409
464332
463366
463152
463149
463140
463032
463030
463029
462762
462752
462702
462696
462659
462658
462209
462104
462103
462102
462101
462100
462099
462077
462076
461989
461014
461012
461006
461005
461004
461003
460994
460993
460990
460982
460884
460883
460882
460679
460566
460536
460250
459223
459093
459090
459088
458840
458782
458769
458759
458754
458529
458412
458238
458039
458038
458036
458035
457396
457330
457323
457283
457280
456864
456707
456174
456035
456034
456033
456032
455964
455928
455927
455906
455869
455864
455795
455555
455424
454932
454022
453706
453704
453449
453235
453148
453141
453138
452781
452776
452708
452699
452685
452684
452683
452682
452681
452680
452599
452596
452593
452591
452587
452581
452580
452403
452390
452276
452273
452272
452270
452269
452268
452265
452260
452253
452252
452251
452241
451730
451728
451727
451726
451725
451724
451720
451718
451717
451716
451518
451129
451122
450892
450860
449658
449508
449293
449217
449216
449214
449207
449206
449205
449189
449182
448773
448764
448758
448499
448492
448488
448485
448482
448387
448023
447533
446943
446940
445936
445933
445669
445667
445657
445214
445205
444836
444431
444428
444130
444058
444053
444051
444050
443957
443955
443952
443950
443948
443915
443913
443855
443838
443834
443345
443343
443340
443258
443042
443035
443034
443033
442696
442692
442467
442465
442461
442393
442369
442052
441781
441775
441774
441770
441769
441762
440904
440899
440664
440269
440258
439888
439881
439281
439280
439278
439265
439253
438744
438691
438553
438484
438263
438262
437767
437761
437539
437536
437503
437185
436504
436497
436485
436481
436479
436029
436028
435968
435961
435153
434703
434702
434691
434682
433874
432822
432786
432784
431538
431116
429716
426930
426921
400327
400326
400278
399637
399368
399367
399366
399365
399364
399167
398541
395587
395011
394249
390526
388833
388302
388300
386977
386856
385872
385137
384885
383748
383747
383746
383744
383742
383679
383331
383329
383328
382601
382165
382163
381902
381703
381702
381701
381328
381327
381282
381281
381280
381279
381278
381277
381254
381215
380947
380631
380263
380192
379969
379968
379967
379966
379787
379784
379783
379782
379781
379780
379779
379778
379777
379774
379773
379566
379388
379341
379340
379332
378880
378856
378755
378561
378521
378287
378049
378009
378007
378006
378005
377992
377952
377872
377871
377870
377866
377865
377841
377840
377837
377836
377835
377815
377813
377787
377517
377515
377270
376918
376804
376801
376800
376767
376482
376227
376065
375886
375885
375876
375856
375827
375825
375778
375742
375707
375667
375606
375605
375403
375402
375152
375147
375130
374675
374651
374395
374184
374017
373963
373859
373560
373152
373001
372165
317669
316557
316554
315658
315657
315656
314405
314123
314114
314053
314051
313553
313552
313373
313348
313311
313176
313159
312926
312856
312623
312604
312593
312363
312133
312130
312008
311645
297918
297625
296255
296104
295769
295620
295616
295614
295613
295587
294319
294059
293045
292910
292905
291770
288319
287821
287231
287224
287223
287199
286812
286809
286808
286257
286250
286198
286194
286191
263179
262699
262696
261622
256433
256189
255073
254842
254302
233652
233166
232930
228463
228462
228461
225635
225634
225297
224824
224392
224027
223808
223340
223191
222824
222560
222160
222044
222043
221991
221619
220878
220577
220343
220342
161804
159374
157486
157485
157124
156811
156777
156745
156552
156551
156549
156508
156481
156480
156477
156476
156445
156400
156335
156113
156101
156049
155976
155808
155709
155634
155621
155558
155557
155494
155415
121683
119018
119016
118496
117278
117276
115143
113963
113851
113709
113703
113607
112093
112092
111589
111394
111338
111260
111258
111253
111251
111206
111153
110937
110936
110935
110927
110730
110699
110547
110520
110509
110508
110471
110164
110143
110018
110016
110014
109696
109662
109592
109465
109241
109188
109187
109182
109097
109067
108846
108344
107935
107761
107738
107736
107603
107257
106205
93296
90054
89932
89891
89674
89658
88379
44775
43848
43113
39086
38598
38590
38348
38240
38227
37202
37022
36814
36027
35625
35573
35259
487714
482685
464760
452617
452616
442783
571535
462299
450289
450277
444960
441716
221065
86698
86691
86682
86666
440193
440192
436646
436136
430753
430752
430751
430747
108578
108570
107335
472410
450248
431581
378796
291578
157512
470495
449461
449447
377846
287301
286928
86443
442248
442245
431944
581895
504918
471727
471725
449831
449829
449828
449819
449814
436072
436067
380022
373876
372831
372830
86104
86096
442778
442776
440046
313464
287853
108809
34736
481669
450485
370597
85261
85260
227074
227070
227069
459374
37368
442236
109821
535785
500426
473827
463017
463010
461897
460106
456832
456830
442750
442748
442747
434047
434039
434037
431940
387684
375603
317063
285410
120236
111319
111318
108866
482117
473531
473525
462282
462280
462274
462267
441714
441713
435938
435934
384363
86090
86089
86088
86085
86083
86081
86066
86044
86040
86039
436627
436624
372593
372591
292287
108568
108566
108067
107332
88134
10247398
10243328
10243327
10242158
10242106
10242105
10242104
10242103
10242102
10241063
455406
423929
423923
423921
423920
370594
370593
255241
85259
439971
377153
312412
109799
515755
515751
450862
448224
450772
450771
375520
10241750
224482
224480
552697
482106
482105
449793
435899
435896
435879
380020
312999
233274
107992
107461
90363
86035
86034
86016
86003
86002
86000
85991
460043
436606
431391
430674
372590
107439
107434
428842
423910
374028
374026
311749
257765
257763
472653
436850
425199
16108273
12335897
12335894
12335891
11496654
11496653
583525
583130
583074
582315
582313
582199
582198
582158
582157
582156
582155
581919
581916
581795
575698
574054
573988
573736
572584
572375
572135
572122
572032
571652
571448
571258
555715
554345
547862
546381
546379
546066
545615
545614
545613
545600
545599
545594
541864
540976
539117
539116
539112
539109
537759
536156
535993
535992
535991
535986
535108
535106
534604
534601
529260
528761
528477
521849
521405
521404
521403
521402
521401
520301
520299
517824
516807
516805
516804
516803
516799
512396
512390
511307
508388
508108
508101
504860
504855
504852
504851
504743
504142
504141
502377
502374
502370
502366
502365
501674
501669
500174
500171
499704
497887
496535
495094
494046
494045
494044
494043
494042
494041
494040
493941
493642
492866
489897
489120
489119
489116
489115
489099
489087
489086
488824
485986
485985
485029
483931
482767
482763
481383
481082
480918
480917
480915
480914
480913
480912
480911
480910
480909
480908
480907
480791
480730
480677
480524
480515
480513
480512
480435
479681
479431
477747
477650
475952
475696
475694
475693
475692
475294
473978
473623
473377
473371
472643
472641
472635
471917
471915
471913
471908
471907
471906
471905
471904
471350
470916
470912
470911
470368
470300
470299
470297
469982
466528
464947
464942
464941
464592
464590
463473
463131
463111
463105
463007
462882
462881
462791
462789
462195
462112
461743
461360
461355
461354
461353
461352
461351
461350
461349
461348
461347
461341
461332
461318
461307
461305
461269
460954
460951
459415
459335
459283
459086
459084
459083
459081
459077
458760
458542
458540
458534
458485
458484
457857
457856
457272
457196
457194
457188
457187
456815
455005
455003
454998
454997
454572
454555
454550
454345
454344
454007
453916
453840
453781
453780
453137
452849
452773
452770
452767
452766
452573
452571
452568
452385
452380
452371
452366
452363
451984
451983
451516
450905
450857
450856
450854
450843
450596
450591
450590
450515
450514
450507
450506
450505
450504
450502
450411
450231
450230
450226
449874
448672
448245
447873
447496
446252
446235
446153
446151
446131
446126
446055
445653
445598
445515
445345
445127
445126
445125
445124
445123
445120
444826
444418
443904
443894
443892
443889
443888
443790
443787
443766
443636
443633
443630
443318
443245
443237
443209
443207
443204
442888
442635
442627
442608
442440
442436
441972
441909
441836
441811
441810
441803
441802
441800
441797
441700
441061
441060
441059
441058
441057
441055
441054
441053
441052
441051
441050
440875
440870
440645
440643
439749
439690
439685
439683
439680
439679
439678
439677
439676
439668
439667
439666
439604
439541
439510
439241
439229
439221
438674
438669
438557
438549
438547
438543
438541
438525
437759
437467
436446
436414
435678
435443
435059
435057
435055
435054
435011
435009
435006
435004
434998
434994
434993
434991
434881
434870
434869
434866
434865
434662
434659
434658
434657
434656
434655
434654
434653
434652
434651
434650
434649
434648
434647
434646
434645
434644
434643
434642
434641
434640
434639
434638
434637
434636
434635
434634
434633
434632
434631
434630
434629
434628
434627
434626
434625
434624
434623
434622
434430
434429
433975
433966
433965
433869
433867
433859
433799
433720
433584
433403
433402
433401
433397
433373
432806
432776
432773
432771
432769
432699
432691
432688
432687
432684
431353
431350
431349
431348
431260
431146
431053
431052
430943
430579
430324
430319
430312
430297
430296
430293
430292
430287
429791
429789
429788
429786
429785
429425
429232
428749
428582
428250
428181
428180
427891
427886
427885
427710
427708
426884
426711
426708
426691
426689
426208
426159
425922
425912
425909
424611
424603
424582
424350
424207
424203
423601
423591
423582
422011
400865
398185
397592
397590
395794
394756
394753
394752
394713
389791
388580
388539
387185
387184
387183
386539
386538
386537
386536
386535
386534
386533
386502
385708
385493
385492
385491
385465
384869
384405
384087
384086
384085
383348
382703
382174
381348
380853
380464
380463
379963
379962
379955
379853
379852
379848
379804
379668
379384
379383
379289
379044
379041
379039
379038
379037
378923
378878
378849
378847
378825
378724
377901
377859
377857
377855
377781
377482
377321
377259
377206
377200
377199
377173
376561
376063
376062
376061
375824
375787
375740
375675
375635
375633
375630
375554
375551
375550
375505
375454
375445
375442
375420
375418
375220
375219
375181
375179
375177
375132
374840
374839
374753
374751
374725
374650
374647
374646
374427
374317
374315
374087
373748
373640
373557
373556
373555
373554
373553
373552
373551
373550
373549
373548
373547
373546
373545
373544
373543
373542
373518
373440
373439
373420
373419
373367
373294
373128
372872
372832
372676
372644
372513
372441
372440
371892
371430
370904
370901
370722
369935
367920
318133
317689
317148
314556
314551
313625
313624
313566
313473
313459
313121
313049
312553
312496
312495
312487
312331
312111
311212
297370
296542
296070
294736
293268
293041
288833
288829
287599
287595
287469
287465
287460
287439
287272
287271
287270
286884
286473
286406
286176
286171
285421
285397
284875
264137
264083
263371
263370
262511
262508
262063
261305
257527
257273
256979
256589
256588
256372
255737
255700
255435
255085
254400
227121
227120
227044
227043
227042
227041
227040
227038
227037
227036
227035
226278
226276
225661
225599
224623
224303
223540
223250
223218
223193
222683
220738
220704
220445
219816
219739
219738
218595
218542
218182
158836
158835
158834
158833
158832
158440
158426
158138
158096
158031
157508
157316
156952
156951
156950
156918
156698
156697
156696
156540
156453
155965
155963
155816
155815
155702
155602
155425
155368
155310
155156
155131
122538
122262
122261
121021
121020
121019
121018
120825
120584
120456
119714
119548
115558
115101
115100
115099
115098
115097
114478
114295
113860
112791
112779
112770
112315
112205
112204
111662
111658
111418
111335
110981
110964
110832
110829
110762
110761
110694
110692
110691
110689
109158
109057
109023
109007
108883
108838
108837
108663
108637
108454
108423
108343
108193
107925
107870
107839
107799
107787
107605
107367
107256
106998
106997
106859
106703
106701
106680
106439
106170
95807
95803
95213
92978
92862
91580
91417
89645
89175
88795
88461
87404
87298
87252
87240
87141
87069
87058
86492
86345
86317
86316
86315
86314
86313
86312
86311
86247
85648
85621
85452
84893
39198
39197
38426
38238
37164
37064
36202
36201
35847
35638
35621
35134
35082
35001
34408
556183
552837
514747
514746
514744
473520
472401
472400
470890
466974
440593
435865
435864
435863
435862
435842
380879
380471
375188
314044
219933
160808
85977
85961
85960
85953
85952
85947
85939
85938
571961
442048
442042
436602
436599
436594
433284
433283
431476
431474
431473
431385
430664
399186
373261
372575
312476
312475
155360
121701
109767
763300
437622
254207
431213
431211
431208
441017
375208
473508
473506
473502
460009
460001
451768
435814
435813
435811
379811
109927
85909
85886
85881
762795
762794
762788
762787
424747
368364
368363
368361
108538
763287
422095
368633
254104
216915
523902
462249
431205
431200
380018
42961
581906
283816
254376
254375
254373
380513
372880
224477
224475
224470
224467
461142
461134
435749
435748
432744
382605
382604
379809
373842
373841
111219
85227
85226
85222
85220
85187
424742
421666
107403
107396
105158
582347
572573
477477
473820
473819
462985
462984
461883
460099
460090
446601
426015
425106
422463
422462
383427
380189
254081
223332
38578
34245
10277928
287935
107462
10313869
10297509
10242713
10242680
10242463
10241434
10241335
10241291
10241290
10241289
440202
440201
375051
11648920
443990
441003
371090
571076
449753
449752
439450
439449
432731
431183
425651
425649
373159
85152
85151
85129
85128
85116
36600
763128
762750
762747
762746
762740
581678
445536
428327
368356
106244
106243
106240
105156
763255
763253
428871
428870
310969
254076
224504
224501
423632
424372
424371
425152
369802
254368
424228
570867
461123
452356
436035
436034
427494
427491
427489
427482
427454
377780
373871
368665
218670
85098
85082
85077
85062
35845
762864
762857
371155
310941
106558
16108277
16108276
16108274
15672589
15672583
12262503
762978
762977
762392
760865
760864
759944
758200
758197
758193
583270
582818
582209
581909
581841
581840
581839
581701
573841
573840
572432
572374
572093
571984
571856
571855
571854
571852
571851
571850
571849
571848
571847
571846
571662
570815
554363
553351
553345
553339
552492
551330
551329
551326
551324
551184
549190
549189
549188
549184
549183
543285
543278
543274
542595
542590
542588
542389
542388
541189
541185
540811
540810
539854
538280
538278
538277
530904
527154
522734
517121
517120
513425
506639
503547
503491
503487
502833
493788
493686
491911
491910
491909
491908
491907
491827
491826
491825
491822
489230
487976
486740
485773
485599
485075
485074
485072
485066
485023
484880
484112
484110
484108
483390
483371
483370
483020
483017
483011
483008
483005
482772
482635
482012
480819
480802
480424
480422
480418
480417
480414
478615
478612
475226
475102
475095
475093
474248
473011
473009
473006
472648
472645
470203
469980
469979
469978
468361
468205
467395
467023
465147
465144
464934
464932
464861
464573
464572
464564
463949
463948
463947
463941
463714
463375
463164
463163
463090
463089
462672
462119
461928
461927
461871
461870
461286
461261
461259
461254
461249
460811
460810
459956
458794
458515
457855
457853
457852
457851
457850
457374
457371
457263
457261
457244
457242
457241
457240
457239
456491
456292
456291
456209
455855
455832
455831
455826
453988
453786
453744
453174
453165
452836
452523
452520
452478
452477
452476
452475
452471
452121
452119
452118
451753
451751
451748
451746
451745
451740
450840
450839
450727
449590
449179
449178
449054
448188
448187
447585
447583
447582
447384
447383
447380
447378
447377
447375
446225
446092
445980
445872
445319
445176
443939
443784
443721
443710
443645
443624
443573
443228
443022
442924
442881
442760
442725
442622
442508
442504
442503
442457
442347
442337
442304
442303
442200
441977
441901
441620
441616
441302
440991
440844
440330
440329
440328
439964
439959
439834
439824
439822
439813
439738
439664
439656
439573
439530
439506
439419
439416
439415
439409
439408
439405
439404
439403
439402
439401
439153
439094
439051
439050
438837
438426
437974
437970
437968
437546
437544
436691
436688
436445
436339
436338
436187
435998
435994
435993
435434
435351
435139
434911
434860
434852
434848
434617
434615
434369
434368
434360
434335
434334
434330
434329
434328
434322
434099
434096