10241313
10235724
867630
841647
402722
325861
1051404
1013464
795600
995163
995157
1035410
1012253
1012250
827678
1005358
794797
1009405
1006277
63886
63875
63868
63850
1011985
826384
797454
188265
1086911
1012953
1012952
136604
1072283
1004080
796601
1015242
1013964
1035264
1005203
792492
792487
1018685
1014311
1014310
1014307
1014306
1006493
1000457
1000456
1000450
827842
793704
63819
63815
63814
63813
63804
1011977
1001212
13276
1036543
1026785
1010519
980093
790195
188185
1070209
1033930
1027461
1020334
1020327
1014655
1012805
1008615
1005823
1005822
1004077
1002600
828582
827131
826157
798697
139330
14846
1013082
1005200
1087148
1086756
1036665
1034440
1026622
1008564
1008071
1006552
1005692
1002759
1014302
1014301
1013706
1012376
1009357
1009355
1006483
1006103
1006102
1006101
1006100
1006098
1006097
995628
995626
995625
795499
795497
794984
63791
63789
63781
63780
63775
63763
63757
63753
63751
63750
63748
1036880
1035482
1013963
1013962
1013961
1013960
1012309
1007523
1001202
1001201
1001200
827692
826773
797047
796726
794667
187913
64924
1050718
1050713
1001323
980085
790192
1004775
137982
1052033
1036540
1036537
1005189
825663
136525
1050903
1050883
1004873
1004867
1022224
1013860
1013859
1009850
1009848
1000444
1000437
1000435
1000252
997199
997197
995606
827815
796974
795629
793701
793700
793678
792812
63083
63062
63052
1076988
1007304
1004365
826809
826808
826806
826805
826804
1033534
980069
980068
980067
137199
11627275
1088462
1088423
1088281
1088280
1088163
1088086
1087906
1087773
1087757
1087686
1087681
1087601
1087595
1087592
1087575
1087402
1087302
1087121
1087110
1087015
1087013
1087012
1087002
1087001
1086998
1086992
1086849
1086758
1077534
1075141
1072819
1071770
1071760
1071571
1071331
1070636
1070439
1070318
1069833
1069818
1069816
1069811
1069809
1069623
1069218
1069203
1069123
1069120
1069117
1069110
1053313
1052252
1052104
1051950
1051880
1051847
1051832
1051771
1051666
1051328
1050802
1050636
1050144
1037368
1037339
1037109
1036969
1036750
1036668
1035822
1035699
1035604
1035433
1035273
1035006
1034847
1034629
1034455
1034089
1033976
1033929
1033752
1033535
1033488
1032646
1032644
1030856
1030851
1029529
1029526
1028096
1028090
1028055
1027396
1027264
1026726
1026725
1026724
1026137
1025751
1025397
1025396
1025220
1025217
1025205
1025037
1024817
1024815
1024814
1024075
1024074
1023978
1023872
1023327
1023320
1022874
1022873
1022688
1022178
1022119
1022111
1021973
1021957
1021956
1021955
1021645
1021644
1021642
1020944
1020834
1020833
1020744
1020738
1020244
1020240
1019673
1019668
1019602
1019561
1019560
1018578
1018485
1018482
1018473
1018462
1018410
1018409
1018408
1018407
1018406
1018405
1018404
1018375
1018299
1018298
1018294
1018293
1018157
1017740
1017561
1017559
1017199
1017074
1017070
1017044
1017041
1016417
1016338
1016209
1015982
1015853
1015773
1015744
1015688
1015623
1015256
1015032
1014959
1014934
1014751
1014646
1014603
1014580
1014579
1014575
1014574
1014572
1014571
1014293
1014292
1014291
1014290
1014109
1014108
1014076
1014067
1013934
1013798
1013786
1013781
1013148
1013143
1013132
1013125
1013060
1012913
1012912
1012271
1012243
1011917
1011916
1011915
1011823
1011755
1011754
1011753
1011752
1011746
1011739
1011738
1011612
1011611
1011607
1011592
1011562
1011561
1011559
1011557
1011555
1011554
1011489
1011486
1011360
1011358
1011334
1011328
1011326
1011321
1011194
1011037
1011030
1010965
1010963
1010878
1010877
1010787
1010786
1010785
1010784
1010783
1010782
1010781
1010780
1010779
1010778
1010777
1010776
1010775
1010774
1010773
1010772
1010771
1010769
1010768
1010766
1010765
1010752
1010721
1010662
1010384
1010361
1009797
1009681
1009625
1009421
1009420
1009419
1009418
1009417
1009348
1009343
1009338
1009318
1009317
1009031
1008550
1008352
1008351
1008350
1008348
1008343
1008114
1008075
1008070
1007364
1007246
1006801
1006797
1006554
1006518
1006504
1006129
1006126
1006125
1005997
1005881
1005687
1005408
1005407
1005406
1005405
1005404
1005403
1005402
1005401
1005400
1005399
1005398
1005397
1005396
1005179
1005012
1005010
1004958
1004957
1004650
1004648
1004527
1004526
1004525
1004510
1003716
1003668
1003650
1003649
1003648
1003395
1003306
1003256
1003051
1003017
1003008
1002828
1002765
1002756
1002755
1002753
1002591
1002578
1002539
1002529
1002519
1002518
1002505
1002499
1002301
1002298
1001129
1001128
1001063
1001062
1001061
1001059
1001054
1001052
1000879
1000878
999499
999488
999417
999352
999350
999085
999084
999074
999067
998847
998813
998677
998649
998611
998610
998609
998580
998563
998562
998561
998528
998527
998471
998263
997498
997066
997062
997051
996980
995517
995515
995514
995507
995506
995403
995345
995342
995338
995335
994623
994566
993921
993905
993903
993881
993860
993648
993647
993484
993237
993018
992963
992961
992615
991533
991530
990074
981668
981660
978243
829418
829298
829285
829283
829017
828997
828918
828880
828854
828819
828796
828681
828443
828370
828229
828225
828213
828211
828157
828144
827837
827836
827831
827652
827538
827335
827329
827328
827325
827316
827222
827221
826981
826900
826782
826587
826548
826512
826491
826485
826482
826241
826229
826228
826225
826201
826199
826109
825803
825795
825794
825539
825538
825411
825343
803177
803176
803066
802125
802124
802122
801261
800705
800670
800649
799928
799813
799738
799718
799510
799509
799438
799437
799435
799434
799188
799187
798547
798433
798299
798298
798296
798294
798260
798173
797623
797598
797385
797225
797182
797076
797075
796980
796793
796792
796789
796683
796605
796603
796557
796547
796507
796486
796485
796484
795819
795800
795799
795583
795574
795496
795494
795493
795455
795375
795374
795300
795298
795164
795113
795089
794986
794712
794520
794518
794510
794509
794435
794422
794421
794407
794406
793791
793568
793541
793459
793458
793427
793426
793404
793402
793391
793381
793380
793378
793301
793141
793115
792840
792790
792755
792581
792409
792408
792407
792401
792376
206531
206530
193204
192413
191982
191981
190991
190704
189702
189127
189023
188578
188508
188199
188197
188196
188194
188087
188069
188068
187566
187063
187009
186579
141262
141261
139791
139790
139740
139739
139495
139025
138721
138261
138061
137992
137848
137783
137672
136974
136972
136894
136628
136338
67646
64131
64032
63527
63526
63181
63120
62761
16243
15366
14095
13256
13255
13092
12375
12237
12236
12235
12096
11601
11592
10599
1087515
1052474
1052473
1051168
1036517
825662
825661
792480
792479
792476
136523
1012350
1012133
1012129
1012128
1000203
1000201
1000197
997193
997192
997191
997190
997189
795057
138072
62998
62992
1007301
982051
795383
794664
62827
1049994
995687
790185
825689
188175
1086376
989869
989866
989861
989860
989859
989858
989847
824470
824469
824468
62065
996415
63137
12334797
1032584
1032579
1006964
1006962
1006961
1006960
1006475
1006470
1004345
1004342
990871
828196
825183
65010
62987
62968
62960
62948
62946
1036605
1029897
1029895
829453
826792
801056
793201
197582
1008730
980018
790181
1051051
825716
1088288
1025216
1025215
63148
1087759
1086943
1050839
1017171
1014742
1007272
999615
994667
994666
994665
994664
994656
994655
994653
994647
989832
989830
984150
984139
984137
982652
977439
977436
825692
825690
797152
792592
185182
63980
1087704
1013683
1004333
997182
992991
791444
138187
62940
62923
62922
62909
62903
62897
1033057
1007280
979482
827128
825767
1086408
1067349
1049236
1019657
1019634
1018222
1003455
1033120
995250
995249
995248
992550
992549
136411
1087968
1071146
1071145
1012232
982400
979462
189174
136062
1005338
186892
186890
186887
989819
989815
989808
989803
825252
824466
789927
1036461
1004317
997178
991033
991027
991026
990792
990786
990783
990777
62264
62241
1012794
1007295
979911
825761
825759
825758
825757
793812
793809
995708
990043
823435
792831
787791
1012230
1012228
991872
16106884
16106882
16106881
16106877
1088558
1088375
1088299
1088298
1088238
1087977
1087976
1087696
1087694
1087693
1087692
1087570
1087501
1087451
1087280
1087119
1087098
1087097
1087005
1086880
1086876
1086875
1086855
1086601
1086594
1086593
1086592
1086586
1086353
1086187
1086067
1085711
1077632
1077465
1077378
1075128
1071562
1071551
1071463
1071330
1071322
1071318
1070919
1070435
1069381
1068646
1068419
1068337
1068305
1068265
1068255
1067946
1052788
1051480
1051477
1051192
1051191
1050821
1050818
1050562
1050460
1050410
1050385
1050320
1050313
1050244
1049793
1049766
1049743
1049588
1049486
1049482
1037625
1037005
1036971
1036779
1036637
1036620
1036619
1036491
1035820
1035819
1035818
1035437
1034711
1034444
1034303
1034080
1033691
1033457
1033017
1033016
1031227
1031226
1030904
1030899
1030824
1030823
1030780
1030533
1030528
1030356
1030351
1030346
1030341
1030337
1030267
1029430
1029429
1029428
1027979
1027144
1027143
1027138
1026931
1026897
1026896
1026895
1026892
1026831
1026618
1026616
1026612
1026386
1025909
1025830
1025828
1025827
1025826
1025640
1025521
1025515
1025476
1025306
1025223
1025017
1024843
1024064
1024062
1024060
1024059
1024058
1023789
1023642
1023633
1023632
1023498
1023495
1023490
1023484
1023483
1023306
1023303
1023146
1023109
1023106
1023098
1023026
1022503
1021845
1021843
1020323
1020171
1020170
1020169
1020166
1020164
1020148
1019660
1019649
1019639
1019633
1019631
1019411
1019405
1019242
1019135
1019134
1019133
1019132
1019131
1019130
1019129
1019128
1019127
1019126
1019125
1019124
1019123
1019122
1019121
1019120
1019119
1019105
1018027
1018025
1017675
1017554
1017549
1017547
1017525
1017498
1017402
1017054
1016508
1016425
1016158
1016150
1016112
1015612
1015605
1015565
1015564
1015562
1015513
1015026
1015025
1015023
1015022
1015018
1015013
1015010
1014567
1014553
1014550
1014547
1014546
1014537
1014536
1014467
1014456
1014450
1014407
1014333
1014274
1014269
1014257
1014246
1014240
1013821
1013637
1013627
1013590
1012264
1012110
1012108
1012107
1012106
1012105
1012104
1012103
1012102
1012101
1012100
1011802
1011570
1011567
1011467
1011461
1011457
1011455
1011453
1011437
1011436
1011435
1011434
1011433
1011365
1011320
1011279
1011274
1011018
1010458
1010457
1010453
1010452
1010352
1009561
1009514
1008962
1008938
1008936
1008934
1008748
1008600
1008598
1008590
1008051
1007732
1007731
1007729
1007726
1007725
1007723
1007722
1007720
1007718
1007708
1007707
1007134
1007123
1007077
1007065
1007061
1007060
1006895
1006880
1006878
1006840
1006838
1006404
1006403
1006383
1006371
1006370
1006326
1005765
1005457
1005279
1005163
1005162
1005161
1005159
1004522
1004480
1004288
1004287
1004103
1003900
1003894
1003889
1003849
1003685
1003684
1003683
1003682
1003681
1003680
1003678
1003677
1002833
1002832
1002563
1002554
1002551
1002550
1002285
1000716
1000183
999741
999374
999371
999220
998764
997770
997769
997766
997515
997163
997159
996933
996932
996697
996696
996695
996691
996689
995832
995831
995605
995602
995596
995594
995585
995212
995136
995116
994422
994271
994126
994125
994077
994076
993689
993686
993661
993634
993633
993632
993631
993630
993629
993628
993623
993621
993620
993439
993415
993357
993329
993307
993108
993104
993100
992708
992648
992315
992311
991868
991867
991689
991685
991681
991503
991500
991471
991463
990669
989790
989780
989698
988516
988009
988008
985208
985157
984993
984935
984931
984691
984636
984617
984612
984610
984609
984608
984594
984592
984579
984573
984562
984561
984557
984395
984128
984066
984065
984064
984061
984030
984029
984028
984003
983999
983998
983938
983014
982740
982739
982686
982257
982249
981598
981596
980688
980610
980292
980160
979498
979396
979248
978818
978813
978812
978803
978344
978335
978329
978326
978325
978324
978322
978321
978318
978259
978253
978042
978041
978030
977900
977899
977471
977468
977467
977466
977465
977464
977463
977462
977461
977460
977208
977203
976986
975990
975988
975987
975973
975762
975730
975713
975711
975710
975709
975708
975639
975562
974984
973665
973661
972234
964577
964563
829757
829571
829480
829400
829150
829148
828995
828991
828874
828793
828616
828615
828259
828258
828112
827689
827680
827672
827621
827467
827406
827164
827159
827060
826986
826892
826859
825918
825849
825839
825793
825657
825592
825590
825589
825582
825581
825532
825481
825449
825350
825048
824988
824962
824949
824948
824752
824569
824377
824332
824294
824262
824261
824205
824117
824104
824090
823663
800945
800944
800291
800247
799826
799825
799760
799756
799504
799432
799281
799280
798544
798542
798396
798291
798290
798185
798179
797630
797596
797375
797289
797282
797179
797095
796691
796690
796640
796535
796470
795372
795312
795241
795240
795236
795196
795153
795119
795044
794963
794934
794649
794647
794642
794635
794571
794525
794477
794476
794475
794079
794017
793801
793600
793420
793397
793290
793054
792806
792780
792779
792778
792678
792628
792627
792626
792616
792564
792553
792466
792445
792360
792359
792358
792355
791966
791965
791953
791764
791209
791169
791035
791031
790986
790983
790967
790947
790942
790940
790745
790722
790628
790620
790619
790613
790571
790462
790349
790283
789926
789923
789918
789917
789916
789843
789841
789315
789314
789313
789299
789240
789136
789031
788887
199365
194282
193420
189632
189058
188528
188091
187906
187349
187348
187166
186928
185995
185990
185578
185552
185433
185306
185186
185091
184258
141044
139884
138973
138761
137394
137345
137297
137296
137291
137289
137185
137025
136897
136630
136629
136614
136333
136229
136192
136182
135938
135826
135567
68176
65144
64639
64095
63983
63553
63217
63101
62844
62546
29444
14376
13647
13591
13582
13580
13578
13575
13573
13297
12431
11437
11176
11171
11034
10547
10522
1017167
1012533
1012528
980489
797511
790262
1068624
1034869
1012113
1006274
1006272
990765
990755
990749
990748
982390
980154
980153
62179
62178
62177
62164
1033451
995031
994828
825710
967219
792712
787789
787788
1071142
1071139
1004413
1004412
825051
824513
790054
1012797
1012796
1012788
1085826
969018
787565
787564
787563
980483
997172
994978
974965
974717
974703
974698
62288
62121
1033462
995173
995170
995024
825747
825746
1049938
1036628
1036627
1033119
996397
996396
996395
996393
980859
967204
825954
791782
62696
1050861
1032513
1032511
979436
148002
1067851
1051149
995717
989544
989541
989536
787562
1086989
790261
1049201
996673
996669
982779
980745
980140
974679
974657
964946
826770
790313
788853
61551
61548
61543
61522
61513
61509
61499
61497
10047
1087070
1051781
1012524
1007329
1005801
1005792
997508
997504
984115
984114
984105
979880
979877
976116
825736
825731
802452
793961
185506
980850
980846
785260
785259
1087959
1087955
1086832
1085994
1053333
989514
989511
981010
981007
1034042
1007258
982374
972753
972751
972750
795167
794535
790809
10235905
994971
994967
990740
990739
990738
990722
990721
990717
980784
980782
974946
825181
793047
792652
788882
189421
189416
186904
61491
61453
61450
61447
825728
790130
976923
958275
785258
967368
827677
1067844
1051557
1051556
1051142
979409
791615
989137
989135
973255
973253
973251
822179
183028
967454
787885
16106894
1006265
1006254
994888
989898
980737
974631
974605
974600
792650
788851
185532
184876
61418
61397
16502704
16502703
16502702
16502694
16502690
16502684
16296554
16296540
16296529
12307439
12259561
11609950
1088232
1088170
1088133
1087963
1087962
1087961
1087960
1087958
1087957
1087956
1087954
1087953
1087952
1087951
1087950
1087949
1087793
1087719
1086831
1086725
1086624
1086504
1086501
1086307
1086085
1085924
1085922
1085778
1074602
1074601
1071785
1071764
1070974
1068782
1068744
1068540
1068361
1068229
1068228
1068201
1068199
1067687
1067255
1067254
1053471
1053345
1053344
1053329
1053327
1052015
1052014
1052005
1051439
1050561
1050547
1050309
1049868
1049500
1049467
1049453
1049234
1049194
1037097
1037042
1036793
1036726
1036725
1036721
1036719
1036601
1036600
1036599
1036598
1036464
1036463
1036462
1036330
1036206
1036110
1035588
1035587
1035586
1035585
1035584
1034904
1034712
1034561
1034411
1034245
1034159
1034156
1034155
1033630
1033411
1033410
1033409
1033408
1033097
1033015
1032609
1032233
1032226
1031407
1031186
1031185
1031164
1030527
1029852
1029851
1028512
1028305
1028290
1028289
1027065
1026830
1026829
1026828
1026827
1026826
1026825
1026824
1026823
1026822
1026821
1026820
1026819
1026818
1026817
1026816
1026815
1026814
1026813
1026812
1026811
1026810
1026809
1026808
1026807
1026806
1026805
1026804
1026803
1026802
1026801
1026800
1026799
1026798
1026425
1026421
1026374
1026069
1025649
1025108
1025010
1023846
1023386
1023383
1023376
1023373
1023372
1022978
1022977
1022976
1022975
1022974
1022973
1022943
1022940
1022926
1022925
1022049
1022038
1022032
1022031
1022030
1022021
1022020
1022008
1021985
1021984
1021983
1021982
1021981
1021980
1021832
1021494
1021480
1021479
1021478
1021332
1021090
1020487
1020484
1019534
1019426
1018946
1018945
1018434
1018426
1018424
1018421
1018417
1018413
1018412
1018353
1017391
1017388
1016138
1016136
1016135
1015894
1015187
1014831
1014830
1014829
1014828
1014827
1014826
1014816
1014809
1014378
1014233
1014232
1014227
1014226
1014225
1014221
1014213
1014209
1014204
1013322
1013321
1012851
1012849
1012416
1012294
1011731
1011720
1011711
1011432
1011431
1011377
1010346
1009042
1008368
1008367
1008182
1008171
1007717
1007716
1007710
1007709
1006981
1006438
1006437
1005656
1004934
1004826
1004521
1004520
1004125
1003773
1003772
1003764
1003605
1002385
1002237
1002041
1002037
1002030
1000895
1000888
1000883
999788
999246
999218
999217
999216
999215
999202
999177
998599
998598
998194
997609
997315
997307
997306
997305
997300
996826
996534
996532
996442
996424
996392
995793
995217
995215
994402
994396
994377
994352
994327
994325
994321
994320
994319
994263
994262
994260
994127
993951
993950
993383
993077
992982
992870
992696
991670
990884
990883
990882
990700
990697
990695
990686
990675
990671
990165
990163
990047
989879
989710
989480
988529
987944
987887
987116
987032
985271
985270
985269
985120
985116
984805
984804
984549
984506
984342
984339
983925
983209
982412
982410
982246
982245
982120
982115
982114
982112
982110
982077
981922
981921
981142
981070
981067
981061
981034
981030
980572
980562
980561
980560
980507
980506
980505
980504
980503
980501
980500
980499
980498
980497
980496
980495
979951
979704
979578
979243
979149
978861
978375
978208
978074
978071
978014
978007
977732
977631
977342
977243
976533
976032
975966
975959
975957
975828
975792
975760
975758
975756
974980
974979
974978
974865
974031
973983
973645
973619
973301
973292
973291
973288
972804
972798
972793
972260
971977
971915
971136
971094
971093
971090
971015
971012
970788
970766
970756
970753
970746
970744
970547
970534
970525
970435
970375
970333
969486
968946
968940
968736
968044
967380
967376
967096
966920
966915
966795
965675
965291
965290
964139
964138
962349
962344
962343
962333
962332
961780
959975
959974
959970
959969
957019
829151
829025
828937
828759
828683
828627
828626
828241
828240
828239
828194
827989
827163
827161
827039
826655
826416
826364
826362
826215
825866
825470
825465
825464
825463
825217
825035
825034
825033
824985
824984
824749
824748
824742
824500
824375
824367
824219
824110
824109
824103
824102
824089
823882
823794
823523
823522
823448
822722
802858
802242
800698
800236
800235
800234
800233
800232
800004
799966
799823
799822
799754
799399
799395
799394
799393
799214
799213
799200
798730
798728
798727
798718
798516
798217
798125
798124
798123
798122
798074
797370
797260
797169
797108
795381
795337
795232
795227
795226
794945
794709
794547
793920
793919
793886
793751
793168
793167
793006
793001
792890
792884
792883
792615
792533
792374
792373
791999
791976
791763
791744
791667
791455
791454
791453
791452
791437
791203
791180
791167
791124
791107
791047
791046
791027
791026
790928
790758
790736
790735
790611
790610
790590
790532
790371
790370
790363
790217
790107
790014
789969
789955
789837
789810
789790
789788
789768
789767
789397
789393
789379
789320
789187
788977
788822
788692
788666
788583
788582
788579
788514
788513
788512
788501
788206
787858
786912
786911
786744
786175
786024
785646
785645
785509
784931
779744
191339
189746
189126
189057
188584
188112
188111
188109
188108
188107
188106
187839
187825
187776
187305
186546
186411
186410
186398
186233
186016
186007
185567
185455
185319
185027
184994
184771
184711
183297
141770
140420
139653
139652
138928
138927
138925
138924
138922
138889
138528
138221
137955
137951
137737
137492
137081
136221
136098
135977
135976
135956
135941
135940
135752
135508
135364
134742
134671
66214
65746
64094
64093
63346
63195
62864
62412
62381
62380
62379
62355
61972
61971
14304
11189
11179
10317
9774
9619
9572
1017160
1016589
1016587
996290
980829
958272
826869
825931
789084
785257
1012219
966890
184354
989116
185602
1006249
994944
982216
982215
974567
974564
790752
790606
184875
62408
60546
60539
60529
60519
60518
1067965
995169
995167
979609
823418
823416
792691
790075
1085414
1085413
1049095
1049091
971896
958247
958246
958243
787704
183148
989592
966888
1051135
995875
995873
995868
995867
989101
989098
989097
989094
989090
983249
983248
980983
185599
8653
61568
982755
982205
980709
974547
974542
953938
61387
61379
61370
61353
997543
990054
979597
979596
821738
135206
1032508
976917
976915
972644
823431
185132
1012212
1012211
1012205
1009759
986769
983052
983049
983045
968893
968132
967351
961769
822716
788070
786022
137588
61698
9748
794863
989074
968979
785040
785039
967430
1087635
1086073
1049137
1011306
1036794
994924
988641
969185
967660
963465
963455
823692
792641
790202
60666
60665
60653
60649
1088894
1034799
1034798
1034797
1034796
1034795
1034794
1034789
983245
964136
954591
827934
822321
822320
822319
822269
822268
785188
782812
191916
1085444
1065797
59900
1070588
1070587
966866
1005313
1005312
988880
988873
980975
820881
59822
1051545
987564
967426
787877
1085647
994908
994907
973171
973168
973165
963431
963429
963428
963425
953916
953914
953913
953912
786428
74469
74461
8205
966983
966981
966980
966979
966978
966977
966976
958106
954586
782811
1031894
1031876
1031863
785402
183188
16300359
16300350
16300349
16300348
16104194
16104193
16104192
1265477
1265476
1265474
1265472
1265471
1088279
1088175
1087718
1087717
1087716
1087530
1087492
1087434
1087376
1087361
1087359
1087358
1087279
1087278
1087060
1086984
1086964
1086681
1086598
1086576
1086549
1086306
1086036
1085832
1085754
1085707
1085436
1085246
1077492
1075936
1075081
1074490
1072925
1072099
1071304
1071298
1071297
1070625
1070624
1070621
1070101
1070098
1069913
1068574
1068370
1068366
1068124
1067958
1067140
1066982
1066981
1053244
1052739
1050610
1050520
1050298
1050290
1050289
1049293
1049179
1049029
1049021
1048950
1048949
1048948
1048860
1048747
1048183
1037616
1037615
1037614
1037613
1037477
1037026
1037020
1036997
1036778
1036777
1036488
1033742
1033623
1033178
1032851
1031589
1031475
1030842
1030586
1030585
1030486
1030485
1030483
1030479
1030473
1029587
1029585
1028389
1028387
1028386
1027750
1027532
1027314
1027130
1027124
1027122
1027090
1027089
1025740
1025737
1025150
1025149
1025138
1024502
1024495
1023797
1023660
1023659
1023658
1023657
1023656
1023654
1023649
1023648
1023646
1023645
1023534
1023528
1023527
1023061
1023008
1022478
1022476
1022465
1021867
1021800
1021147
1021146
1020218
1020215
1020214
1020095
1020069
1019553
1019551
1018875
1018871
1018522
1018398
1018211
1016169
1016167
1016164
1015585
1015133
1015082
1015081
1015080
1015079
1015077
1015076
1015074
1015073
1015072
1015070
1015067
1014517
1013119
1013118
1013117
1013116
1013115
1013114
1013113
1013112
1013111
1013110
1013109
1013108
1013107
1013106
1013105
1013104
1013103
1013102
1012846
1012844
1012843
1012842
1012730
1012728
1012727
1012652
1012496
1012094
1012093
1011925
1011924
1011921
1011315
1010764
1010762
1010761
1010625
1010618
1010430
1010429
1010428
1010424
1010412
1009876
1008768
1008076
1007822
1007648
1007089
1007088
1007086
1006921
1006789
1006786
1006782
1006068
1006066
1005872
1005870
1005761
1005757
1005755
1005754
1005753
1005752
1005751
1005750
1005748
1005644
1005294
1003904
1003901
1003725
1003724
1003723
1003722
1003580
1002962
1002267
1002265
1002263
999780
999326
999305
999268
999103
999102
998592
998059
998057
997914
997908
997892
997891
997595
997396
997153
997138
997083
997077
997043
997033
996651
995807
995490
995138
994688
994338
994337
994336
994335
994334
994144
994140
994137
994136
992934
991847
991701
991694
991434
991341
990240
989606
989497
989474
989301
989260
989259
989258
989257
989057
988655
988644
988496
988295
988286
988213
987632
987144
986773
986764
986763
986519
985652
985320
984815
984785
984784
984651
983689
983678
983356
983355
983206
983205
983165
983161
983040
983036
983035
982970
982969
982958
982946
982876
982609
982608
982271
982270
981750
981269
981104
981103
981102
981101
981100
981099
981054
980696
980208
979988
979885
979228
979012
979010
978916
978678
978669
978663
978001
978000
977785
977783
977782
977671
977601
977526
977524
977522
977322
977266
976940
976724
976278
975369
975368
975313
974433
974021
974015
973867
973863
973355
973282
973280
973277
972294
972194
972193
972192
972191
972190
972189
972188
972187
972007
971373
971129
970738
970470
970132
969839
969638
969509
969076
969074
969072
968925
968921
968552
968547
968543
968536
968533
968531
968520
968433
968304
968303
968191
968186
967882
967832
967829
967822
967438
967337
967065
966951
966950
966949
966948
966947
966101
965825
965823
965789
965788
965772
965540
965137
965135
965100
965099
965094
965093
965087
965086
964967
964701
964273
964111
964109
964108
964107
963966
963420
962970
962704
962702
962700
962699
962672
962634
962452
962450
962447
962215
962023
961990
961743
961734
961699
961697
961695
961694
961679
961647
961645
961564
961559
961410
960067
959954
959073
958780
958777
958762
958759
957996
957850
957506
956975
956974
956963
956894
956648
956238
956236
956230
956222
956219
956218
956217
956032
956027
955418
954469
954335
954332
954305
954250
952772
952653
949262
949251
949138
948378
948017
948016
830050
829732
829731
829173
828788
828573
828097
828049
827884
827883
827746
827593
827591
827536
827004
826672
824876
824873
824775
824672
824668
824639
824636
824635
824541
824374
824373
824329
824328
823848
823832
823670
823645
823459
823177
823175
823173
823129
823128
823067
822983
822982
822940
822939
822762
822705
822525
822255
822253
822237
821687
821685
820589
802804
802803
802802
802801
801645
801330
801237
800722
800290
800020
799746
799444
799443
799442
799441
799407
799233
798375
798373
798249
798061
797552
797529
797191
797187
797186
796848
796637
795797
795291
795159
794932
794580
793517
793516
793204
793203
792856
792447
791875
791575
791355
791354
791241
790970
790884
790799
790798
790797
790796
790769
790763
790710
790353
790352
790309
790177
789786
789409
789326
789325
789323
789322
789321
789307
789121
789014
788971
788767
788766
788623
788570
788460
788367
788161
788160
788080
787975
787861
787709
787708
787707
787438
786955
786954
786889
786522
786427
786227
786195
786190
786096
786093
786085
786083
786053
786021
786010
786004
786002
785999
785940
785939
785692
785655
785356
785121
785107
785097
785095
785033
785029
784926
783102
781418
781416
781414
781413
780411
772809
772807
196778
193542
190749
189534
188258
187873
187870
187869
187868
187127
186988
186971
186232
185868
185732
185628
185461
184732
184728
184726
184578
184279
184145
184050
183640
183555
183524
183299
182931
151493
143877
141021
140884
140294
138137
137885
137839
137288
137285
136924
136531
136429
136308
136306
136305
136096
135974
135907
135900
135895
135857
135728
135237
135015
134988
134960
134683
134645
134644
134643
134547
133215
66658
65935
65781
65079
65076
65075
64981
64980
64107
64029
63164
63112
62571
61756
61629
60885
57643
16313
16147
14373
14372
13570
10879
10675
10344
10272
9437
9424
8980
8849
8756
8579
8283
7718
1009758
968118
137554
989583
989569
972851
972848
967228
823346
787569
787568
787876
1086954
1006241
995023
995019
973160
973158
953673
953657
953648
782654
782651
73789
73753
60163
989036
975175
957994
822315
822314
822310
822309
786185
785184
60697
1048581
964884
958985
958984
958982
786834
60753
1069932
1069926
1069925
966846
966844
184353
988905
988896
988895
988891
988890
988883
960250
960248
960247
960246
7687
787873
995006
969200
968695
953901
953895
953597
788324
788199
782676
73889
73878
73857
73784
73772
988149
968840
948257
820538
793196
949292
934241
8850
826897
1018146
1018145
968959
968958
947252
798015
59825
1085044
1048640
1048638
1009754
997661
997656
978864
978863
969806
968287
968113
956024
941126
824492
823612
821174
793212
186966
994986
985706
969198
968688
968687
967286
947459
947446
947441
60601
60599
60596
60584
60570
60565
986529
958152
957981
1024828
964880
964879
934234
934227
1085492
1085141
1084841
1066461
1018385
961900
957826
134502
951685
792868
951812
781335
989029
979853
969193
969191
968678
823654
821602
820407
820406
788323
59892
59891
1085398
1085397
963721
785178
1048652
1048644
958950
934212
951062
951061
951060
781436
951803
947065
947062
947061
778424
778423
180303
15633968
12259618
11664613
1086830
1086562
1086560
1086559
1086466
1086403
1086013
1085776
1085597
1085291
1085039
1084965
1075268
1072971
1072767
1072766
1070615
1070613
1070305
1070302
1070300
1070293
1068278
1068191
1067263
1067177
1066607
1066606
1066605
1066600
1066598
1065744
1053000
1051333
1050504
1050285
1050279
1050180
1049114
1048802
1048801
1048792
1048789
1048259
1048003
1047999
1047995
1047989
1047206
1047203
1037143
1036911
1027219
1027215
1027214
1027209
1026299
1025933
1023699
1021821
1021817
1021816
1020365
1020362
1020361
1020360
1020270
1020265
1020264
1018173
1018142
1017874
1017873
1017848
1017846
1017294
1016550
1012824
1012815
1012812
1011768
1011508
1011504
1011502
1011500
1010379
1009725
1008399
1008393
1007469
1007468
1006429
1006416
1006295
1004091
1002251
999257
999255
999212
999126
998904
998902
998897
998896
998895
998894
998893
998892
998891
998889
997704
997369
997366
997276
997275
997131
997116
997113
997112
997111
997110
997109
997104
997103
997098
997094
993126
993118
993114
992846
992845
991791
991788
989985
989984
989591
989469
989236
989183
989166
989055
988611
988375
988322
986856
986789
986695
986691
986419
986129
986091
985669
985263
985256
985129
985127
984779
984771
984762
984169
983593
983587
983585
983584
983583
983582
983581
983580
983536
983533
983529
983528
983526
983523
983507
983499
983498
983497
983496
983289
983284
983271
981856
981855
981769
981259
981247
981096
980902
980899
980897
980895
980893
979970
978967
978956
978839
978611
977394
976679
976161
975283
975270
975269
973728
973727
973719
972534
972285
972284
972281
972280
972279
972278
972277
972276
972275
972274
972273
972271
972267
972266
972265
972264
972263
972198
972182
972179
971963
971962
971958
971956
971955
971784
971781
970993
970679
970677
970392
970309
969522
969519
969518
969515
969496
968808
968793
968038
967846
967788
967784
967779
967599
967525
967196
967129
967126
966498
966329
966209
965893
965892
965874
965871
965837
965815
965814
965478
965477
965213
965177
964585
964584
964583
964414
963675
963631
963624
963493
963492
963491
963410
963408
963400
962375
962269
961942
961841
961435
961400
961214
961212
960511
960347
960007
959953
959951
959950
959949
959948
959887
959886
959885
959881
959874
959866
959517
959158
959157
958741
958183
958150
957987
957749
957742
957522
957048
956795
956712
956666
956456
956245
955959
955938
955898
955674
953521
953505
953503
952571
952547
952535
952528
952356
952344
952298
952297
952296
952286
952275
952272
951698
951664
951648
951338
951158
951151
951150
951147
950717
950712
950704
950697
950694
950692
950469
949884
949883
949279
949235
949127
949115
949114
949069
947707
947700
947697
947688
947319
945882
942313
942301
942296
942144
942119
941889
941888
941884
941880
941838
941825
941824
941813
941092
941076
940849
940645
940453
940039
940035
940031
940028
940012
939979
939528
932822
829230
828192
828092
828048
827074
827071
826675
826670
826217
825675
825095
824920
824895
824890
824457
823847
823370
823279
823277
823276
823275
823274
823272
823171
823169
823168
823115
823114
823113
823111
823110
823109
822915
822914
822863
822234
822224
822114
822109
821971
821712
821573
821410
821351
821345
821343
821334
821332
821160
821017
820878
820718
801239
799939
799938
798732
798425
797382
796582
796581
796539
795339
795062
793684
793513
793472
793151
793150
791095
790867
790858
790850
790848
790846
790830
790828
790002
789764
789166
788931
788930
788704
788703
788569
788568
788565
788268
788218
787451
787450
787449
787448
787446
787443
787000
786884
786560
786439
786438
786437
786436
786182
786132
785944
785942
785789
785637
785635
785613
785609
785606
785352
785314
785124
785003
785002
785001
785000
784897
783196
783106
782626
782625
782505
782242
782241
782232
782229
782227
781884
781882
781612
781573
781204
781203
781202
781201
781200
781199
781198
781197
781196
781195
781132
780182
780034
779814
778906
194387
190800
190165
187828
185950
185856
185848
184747
184281
183883
183337
183336
183325
182725
182437
182049
182012
182010
181995
181982
181658
181554
141161
136849
136784
136163
136162
136161
136159
136137
135868
135864
135842
135513
135033
134492
134455
134334
134332
134171
133971
133969
133626
133613
62366
61586
61206
60506
60352
60327
60064
60061
15533
9666
9422
9362
8844
8650
8425
8375
8028
7778
982782
979838
968107
959941
953584
953560
953557
824792
793000
785852
59268
59259
59240
10668
7756
976108
976103
958618
950950
822283
785274
1086447
1068390
1068389
824582
796653
1067591
967735
947060
947040
941339
941333
988366
940670
979823
974493
974492
968671
968667
824009
135919
73842
73816
1278055
979475
962695
962682
957967
1272354
1272352
1272347
1048526
775337
133532
1086087
1048774
987179
785694
778419
133488
132540
1272305
951088
1277068
1276847
1276845
979821
979819
979812
979811
959933
934385
934381
825964
778646
59233
59189
1035223
1018133
1018132
967226
958613
954042
935867
826838
820983
820981
787792
776556
1272335
1272330
973013
973011
960883
939709
825094
780329
186020
61302
1067505
1067504
951046
823477
787846
951784
939233
1277925
1067463
1017284
1085921
787872
1276800
1276796
1085829
1067705
996516
986099
979804
959925
951922
819086
790117
789796
180439
134593
59162
59161
59152
59148
59140
59131
1278048
986536
958095
822267
822266
819240
785172
785171
1272317
989170
822528
1048768
1047515
936326
782828
782826
951077
1277056
1277055
1277050
959918
959913
958871
941386
938910
934375
934373
820402
59109
59086
59085
1278042
934020
820970
820967
785143
16498896
16498895
16498893
16498890
16498888
16498883
16498881
16498880
16498869
16498868
12083127
11627370
11627219
1279071
1279070
1278654
1277944
1277942
1277914
1277913
1277703
1277418
1276076
1276071
1276069
1276067
1276066
1276042
1272287
1271108
1088425
1088218
1088193
1088062
1087629
1087541
1086659
1086426
1086383
1086309
1085609
1085494
1085183
1085162
1085036
1084954
1084927
1084862
1084724
1084611
1084524
1084515
1084514
1084497
1084415
1084353
1084255
1077393
1077193
1076709
1076688
1075923
1074969
1072739
1071518
1071506
1071505
1071504
1070889
1070072
1067462
1066964
1066933
1065949
1065736
1065703
1065577
1065470
1064521
1052382
1052353
1051305
1048919
1048610
1048200
1048199
1047954
1047395
1047174
1047088
1047057
1047056
1047055
1047054
1047053
1047052
1037447
1037114
1036988
1036618
1035816
1035789
1035497
1032830
1032827
1032825
1032137
1031456
1031455
1031454
1031396
1030627
1030624
1029803
1029802
1029797
1029794
1029793
1029792
1029791
1029790
1029789
1029788
1028651
1028646
1028643
1027752
1027367
1027238
1027088
1027087
1027061
1026649
1026648
1026645
1026644
1026643
1026642
1026633
1026062
1026047
1025766
1025765
1025582
1025577
1025576
1025125
1025124
1025121
1025119
1024260
1024243
1024234
1024228
1024227
1023415
1023393
1023343
1022972
1022971
1022970
1022969
1022968
1022967
1022783
1022444
1021048
1021042
1020973
1020972
1020971
1020968
1020966
1020965
1020800
1020359
1020208
1020203
1020062
1020059
1019774
1019772
1019771
1018499
1018455
1018448
1018447
1018441
1018439
1018438
1017285
1017283
1016648
1015201
1014436
1013075
1013073
1013070
1013068
1010655
1010652
1010651
1010649
1009875
1009872
1007923
1007748
1007746
1007745
1007742
1007739
1007738
1007737
1007736
1007735
1006936
1005959
1004950
1004946
1004923
1004857
1004852
1003628
1003614
1001968
1001964
1001963
1001958
1001957
1001955
1001954
999565
999562
999535
998052
998051
998039
998013
997888
997882
997881
997880
997879
997487
997486
997469
997468
997467
997465
997449
997443
997442
997436
997435
997434
997433
997432
997429
997428
996261
995829
995579
995577
995575
995574
995571
995570
995569
995568
995566
995472
995470
995467
995465
995459
995457
995456
992865
992864
992827
989300
989058
988945
988938
988477
988476
988430
988306
988224
988000
987999
987998
987997
987996
987995
987994
986994
986872
986680
986476
986325
986021
985298
985253
984757
984756
984755
984753
984748
984747
984745
984744
983317
983308
983302
983298
983291
982899
982889
982558
981934
980938
980002
979701
979526
979091
979090
979088
979082
975743
974456
974454
973897
973337
973336
973335
973330
973324
973322
973316
972927
972022
970938
970915
970583
970384
970213
969542
969060
969059
968167
968081
968080
968077
968075
968074
968045
967820
967767
966693
966553
966539
966537
966457
966455
966381
964782
963828
963820
963739
963738
963648
963615
962764
962763
962761
962760
962361
962360
961984
961983
961860
961722
961575
961527
961023
960840
960285
960223
960215
959947
959942
959896
959231
959205
959204
959203
959202
959201
959200
959199
959198
959197
959196
959195
959194
959060
959058
959055
958866
958865
958724
958683
958583
958193
957622
957464
957272
955894
955893
955851
955672
955367
955366
955219
955218
954721
954720
954441
954278
954277
954273
954265
954263
953448
952664
952507
952506
952321
951996
951937
951527
951522
951356
950550
949881
949674
949637
949168
949159
948853
948716
948454
948453
948452
947991
947978
947156
947155
945910
945810
945719
945692
945507
942507
941898
941360
941353
941069
941064
941059
941055
941054
941052
941016
941015
941014
941013
941012
941011
941010
941009
940696
940695
940694
940692
940639
940633
939825
939773
939163
939157
939118
938237
938230
938227
938174
938169
938166
938165
938134
938129
938128
938119
938118
938065
938062
937929
937928
937922
937921
937854
937838
937837
937836
937834
937810
937804
937801
937800
937799
937610
937449
937445
937393
937384
937369
937367
937344
937292
937291
937276
937273
937164
937004
937002
936197
936063
936050
936044
935470
935460
935435
935281
934975
934971
934970
934926
934785
934772
934771
934768
933770
933769
933552
933293
933283
933272
933271
933164
932907
932901
932900
932708
932212
932073
829884
829879
829877
829872
829191
828771
828664
828663
828462
828358
828248
827330
827169
827167
827046
826917
826040
825949
825823
825022
824531
824327
824211
824210
823763
823688
823630
823515
823351
823286
822937
822817
822713
822546
822532
822418
822417
821979
821966
821904
821898
821703
821702
821701
821379
821143
821025
820917
820813
820812
820646
820641
820639
820424
820311
820270
820232
820231
820186
819884
819873
819659
819642
819641
819639
819602
819460
819400
819398
802446
801626
801625
801623
801368
801365
801045
800772
799801
799789
799574
799375
799211
799210
799209
799208
799207
798565
798556
797549
797548
795770
795249
795244
795157
793950
793178
793174
792796
792587
791860
791549
791232
791090
791088
790139
790105
790104
789264
789263
789262
787970
787894
787771
787669
787667
787638
787514
786953
786944
786807
786512
786460
786246
786043
786018
785996
785917
785916
785833
785826
785760
785654
785630
785628
785450
785449
785448
785447
785417
782624
782622
782504
782485
782462
782268
782267
782043
782042
782041
782017
782005
782003
781854
781850
781766
781719
781632
781630
781571
781570
781562
781560
781225
781155
781147
780380
780278
780277
780276
780054
779950
779907
779720
779573
779572
779545
779544
779467
779465
779458
779457
779456
779447
779446
779445
779444
779399
779398
778899
778709
778517
778516
778500
778399
778370
778369
778367
778366
778365
778355
778342
778288
778264
778262
778261
777073
777029
777006
776913
776901
776900
776878
776720
776547
775222
193137
191697
190569
189969
188103
188102
188098
188097
188096
188095
188094
187272
186978
185478
184516
184515
184014
183201
182717
182715
182714
182044
181406
181120
180918
180856
180840
180827
180187
179694
178840
139540
139537
138563
138561
137442
136841
136676
136636
136635
136498
136264
135927
135593
135449
135335
135334
135331
135309
135275
135128
134636
134458
134370
134369
134368
134367
134366
134365
134277
134043
133942
133522
133436
133304
133225
133125
133095
133092
132948
132947
132903
132887
132882
132578
132312
132311
66418
64097
64021
61950
61571
61060
60917
60080
59587
59560
59541
58980
15165
14599
11539
11535
11533
11532
9053
8933
8932
8925
8920
8862
7960
7787
7522
6824
6504
1018995
1018994
1009750
779341
951776
778738
1276784
1276783
1276774
979777
979773
951628
951626
941382
59058
59053
59050
59048
59023
10509
1066508
945444
933816
819821
819820
819817
819816
185813
180407
1272278
934920
1067491
183282
821237
951759
951282
951281
951280
818416
178938
131867
58083
936764
936763
936762
936761
936760
936759
778734
1276751
1276739
1276736
1276727
979759
945558
941376
941374
934886
934882
782007
58340
58332
945464
938312
938309
934266
934265
934264
934262
778539
776554
964871
131251
1018124
948333
933639
933638
997608
997606
997602
997601
997599
997598
984087
951992
951985
951983
948675
948669
948665
948151
938446
936981
931777
824953
820434
818735
795591
790959
788376
779977
181921
179162
132414
951272
946872
946866
946854
775138
945537
996499
979755
979749
953534
940744
940742
781617
73732
73730
73729
73728
73721
73707
73698
73692
73690
1277901
1277679
1275807
1273753
1271173
1084140
1047087
10323913
968397
947104
941456
940466
940465
819764
181918
133539
1264169
1083486
988091
936758
936194
772436
181853
181849
61156
1067487
933617
823474
183277
183276
183273
183272
183270
951265
946670
946666
946664
946658
781636
974835
1276697
1272441
996496
967089
936464
935990
935988
934877
820056
786590
776328
132217
58302
58290
58274
58270
1076946
945462
945461
933804
933802
819833
819832
785129
59301
1264163
1264161
1264155
1047349
989478
772430
933611
16300128
16104204
16104202
12277560
12277559
1279065
1277906
1277892
1277891
1277833
1277680
1277667
1277603
1277600
1276868
1276867
1276866
1276865
1276864
1276863
1276680
1276671
1276670
1275622
1275612
1275330
1273786
1273754
1273099
1272022
1272021
1271177
1271090
1271089
1270749
1270483
1270473
1270463
1270462
1269881
1269579
1088418
1087679
1086034
1085848
1085528
1085139
1085131
1084727
1084600
1084202
1084147
1083903
1083901
1083821
1073200
1072814
1067822
1067457
1066137
1065862
1065587
1064822
1064775
1064774
1064770
1064768
1064764
1064245
1063840
1063838
1052325
1051895
1050441
1050439
1050262
1050255
1047590
1047450
1047303
1047034
1046967
1046624
1037337
1037043
1036986
1036983
1036776
1035987
1034302
1033924
1026198
1025587
1024721
1024718
1024715
1023510
1023509
1023508
1022903
1022884
1022882
1022770
1018910
1018909
1018908
1018901
1018899
1018897
1018896
1018894
1018888
1018887
1018843
1018116
1017280
1017276
1014843
1014842
1014838
1014837
1014835
1013566
1011632
1011631
1011630
1011629
1011627
1011626
1011621
1011617
1005425
1005424
1005423
1005422
1005421
1005420
1005419
1005416
1005415
1005414
1005413
1005412
1005411
1005410
1005409
998265
997650
997638
989601
989202
989046
989033
988853
988852
987503
987385
987383
986712
986668
986507
986506
986501
986213
986149
986045
986044
985738
985213
984921
984918
984908
984899
984650
984647
982091
982084
979524
979521
979518
977231
977229
977168
977121
977114
977113
977037
976671
973759
973753
973752
973731
973248
972829
972825
972524
972511
972494
971941
971496
971152
971150
971143
970810
970808
969950
969947
969459
969439
969435
969337
969335
969318
969152
969140
968428
968427
968426
968425
967483
967481
966468
966392
966341
964191
964190
964188
962632
962626
961687
961686
961681
961665
960694
960691
960313
960308
960227
960225
959509
959508
959507
959506
959218
959212
959208
959207
959206
959119
958658
957767
957524
957515
957066
957065
957060
957057
957055
956634
956080
956079
956078
956077
956076
956013
955759
954544
954508
954505
954504
954503
954114
954113
954065
953310
953309
952731
952690
952215
952028
952026
952019
951610
951608
951332
951324
951215
950681
950628
950381
950378
950376
950320
949792
949752
949750
949749
949458
948956
948954
948953
948948
948837
948836
948826
948824
948822
948820
948689
948221
948220
948219
948218
948217
948216
948215
947828
947827
947820
947775
947496
947101
946950
946949
946948
946895
946760
946759
945917
945707
945503
945498
945253
945244
945149
945067
942248
942245
942198
942196
942194
942193
942192
941478
941477
941124
940797
940796
940309
940302
940288
940286
940214
940212
940207
940199
940197
940103
940097
940095
939807
939803
939698
939696
939666
939350
939058
938873
938864
938400
938286
938028
938020
937954
937899
937888
937885
937847
937795
937784
937642
937603
937439
937431
937360
937338
937337
937281
937279
936602
936601
936600
936598
936062
936021
935920
935909
935522
935418
934960
934743
934742
934741
934739
934738
934556
934163
934045
934025
934024
934023
933218
932879
932869
932510
932509
932499
932495
932494
932259
932258
931820
931769
829721
827863
827653
827065
826115
826114
824390
824388
824387
823932
823541
823540
823107
823106
822557
822549
822548
822547
822416
822391
822190
822188
821903
821902
821901
821866
821728
821508
821279
821170
821156
821039
820880
820665
820504
820503
820329
820235
820229
820224
820181
820005
819900
819863
819721
819600
819598
819597
819594
819576
819574
819573
819225
819217
819216
819118
819091
819090
819089
819088
818727
818452
818359
818120
799806
799402
798584
798153
798135
797379
797378
797167
797166
796561
792384
790110
788401
788337
788316
788264
787784
787663
786882
786879
786877
786253
785877
785735
785067
785061
783219
783080
782801
782733
782732
782698
782501
782500
782498
782365
782362
782349
782348
782115
782114
782112
782107
782106
782053
781936
781787
781615
781443
781442
781310
781242
781241
781238
781237
780372
780305
780212
780176
780104
780033
780032
780031
780030
780029
780028
780021
779731
779543
779540
779539
779538
779537
779507
779506
779492
779483
779443
779280
779279
779227
779083
778743
778708
778599
778571
778398
778315
778311
778309
777057
776640
776484
776359
776358
776357
776356
776355
776327
776326
776325
776260
776110
776109
775962
775254
775199
775044
775043
775042
775029
773941
773940
189120
185320
184774
184598
183323
183033
182196
181944
181868
181417
181192
180195
180193
180192
180068
180054
179159
178861
178852
139759
139758
139757
138831
138560
138312
137402
137401
137400
136948
136872
136278
136094
136027
136023
135422
135224
134476
134154
134011
133912
133583
133512
133510
133251
133052
132961
132945
132888
132881
132465
132458
132320
132224
132152
131850
131731
61717
61644
61300
60502
60204
59939
59735
59734
59482
59365
58876
58058
24331
9914
9814
9528
9526
8418
8413
7573
7232
6592
6106
5895
5648
1273964
947098
946655
942543
935602
823469
817039
795589
795588
936163
934631
989150
958086
940128
934862
817774
785170
58250
58228
58210
58209
58206
58204
1277254
1277253
1277252
1277251
1277250
1277249
1277245
1277244
1277243
1269419
826024
818553
776401
776399
5668
1264144
1047341
177867
1084710
1076135
1066566
933605
180847
145639
946612
946609
189398
189397
1272431
1268775
1268663
1268648
936455
820055
817771
817770
778790
57537
57536
57510
1269412
938300
935771
818551
818548
818547
818546
818545
818544
818543
793191
178053
58375
1272863
1264116
786829
1272963
1271943
1271937
1273937
951236
946849
946842
946837
818412
1278873
964737
964731
1268643
1268624
1266911
958065
958062
946775
936615
936611
936452
936451
935595
819997
788378
785167
779278
779231
775348
773183
57496
57488
57485
57473
57464
57462
5074
1272180
818541
1256526
775457
5347
1066560
1066552
934516
819879
778665
1277971
1274904
1274018
1271557
1267522
1267289
1267267
1267266
1265071
1264401
1262937
1262848
1261147
1260709
1083719
1046048
1045971
790375
1084066
951231
946545
798484
176481
934506
189391
1268598
1063596
1011906
1011905
1011904
1011903
1011894
935948
820957
820954
796598
773524
773508
57430
57394
1272190
1272189
1272174
1272059
1272052
1261421
1261417
1083335
1007290
776397
57032
1077335
955533
1271909
1271908
1271905
1046797
778663
1086472
988589
981171
1265914
1265912
946511
16104214
16104212
16104208
16104206
16535816
16535815
16535814
1278983
1278935
1278933
1278911
1278745
1278705
1277981
1277978
1277972
1277970
1277775
1277654
1277644
1277393
1277355
1277353
1277351
1277340
1277338
1277337
1277336
1277089
1277086
1277015
1275972
1275970
1275959
1275763
1275557
1275532
1275527
1275377
1275376
1275358
1275357
1275354
1275349
1275343
1275335
1275334
1275332
1275152
1275149
1275147
1275144
1275140
1275139
1275138
1275137
1275044
1275041
1275017
1275015
1275013
1274951
1274896
1274895
1274811
1274568
1274353
1274345
1274343
1274336
1274334
1274129
1274126
1274009
1273990
1273988
1273776
1273742
1273615
1273607
1273142
1273079
1273078
1272897
1272892
1272891
1272890
1272643
1272616
1271890
1271591
1271561
1271558
1271546
1271540
1271499
1271385
1271161
1271160
1271153
1271152
1271138
1270915
1270902
1270891
1270739
1270584
1270151
1269280
1268575
1268567
1268560
1268554
1268553
1268543
1268482
1268476
1268064
1267716
1267655
1267627
1267612
1267602
1267288
1267284
1267271
1267265
1267260
1266759
1266757
1266710
1266367
1265663
1265649
1265273
1265261
1264921
1264919
1264398
1264277
1262917
1262846
1262728
1262715
1261780
1261721
1261148
1261144
1261141
1260998
1260991
1260730
1088502
1088501
1088500
1088454
1087269
1087053
1084975
1084749
1084700
1084586
1084468
1084463
1084349
1084242
1084232
1083900
1083741
1083702
1083546
1083491
1077832
1077481
1076256
1074802
1072730
1068554
1068550
1067069
1066411
1065822
1065445
1064687
1064564
1064048
1063911
1063830
1063323
1063314
1063311
1048101
1048064
1047782
1047780
1047779
1047778
1047600
1047140
1046841
1046738
1046721
1046418
1046365
1046358
1046339
1046196
1046050
1046049
1046047
1045045
1045040
1037383
1036062
1034997
1031376
1028106
1028102
1027699
1027695
1027690
1027387
1027292
1027287
1027284
1027275
1026018
1026017
1025694
1023818
1023817
1023816
1023815
1020962
1020961
1019759
1018825
1018710
1018703
1017271
1017266
1016529
1016528
1016527
1015659
1015658
1015193
1014881
1014880
1014873
1014859
1014350
1014342
1013542
1013523
1011430
1011426
1009618
1006821
1006815
1005852
1004001
996487
995840
995839
994201
992783
992407
988922
987664
986148
986067
983179
983174
983173
983172
983005
983001
981500
981024
977104
977098
976786
976783
976782
976780
976774
976173
975017
974822
973779
973261
972489
972488
972485
972476
972467
972466
971262
970833
970832
969945
969903
969902
969901
969900
969894
969893
968496
968494
968491
968237
968236
967619
967611
967606
967194
967193
966993
966524
966515
966514
965759
965758
965068
965065
964533
964419
964187
964185
964184
964183
962744
962740
962735
962302
961512
961511
961313
960369
960361
960028
959108
959101
958508
956039
956034
954535
954529
953685
953679
952705
952700
952464
952090
951911
951910
951562
951415
951414
951413
951412
951411
951410
951409
951408
951407
951405
951404
951403
951402
951387
951108
951107
951103
951102
950938
950748
949521
949185
949180
949053
947862
947395
947382
947380
947273
947097
946938
946906
945475
944944
944766
944690
944519
944399
944369
944367
942559
941611
941608
941607
941601
941600
941597
940715
940518
940082
940081
939057
938999
938994
938597
938589
938084
938083
938081
937972
937638
937637
937635
937634
937380
936835
936834
936828
936827
936683
936675
936670
936514
936375
936373
936304
936303
936298
935738
935725
935724
935723
935722
935721
935720
935719
935718
935670
935664
935663
935659
935658
935536
935532
935531
935530
935529
935528
935527
934689
934420
934419
934398
934160
934144
934100
934093
934076
933866
933345
933344
933343
933342
933232
933181
933147
932874
932767
932760
932294
932289
932288
932089
932081
828484
827942
824874
824793
824386
824385
824384
824382
823733
823262
823057
822816
822233
821697
821390
821272
821271
821206
821051
820958
820937
820518
820517
820502
820199
820196
820195
820090
819705
819704
819653
819455
819389
819359
819197
819020
818929
818928
818731
818722
818715
818714
818671
818661
818587
818497
818355
818027
818025
818022
817877
817874
817481
817479
817478
817239
816978
816976
816975
816756
816587
816400
803078
802799
802794
800308
799895
799541
799487
798555
794943
788388
788025
787968
787967
787628
786756
786240
785844
785086
782656
782639
782105
782100
782097
782050
782001
781502
781386
781376
780093
780001
780000
779860
779502
779210
779087
778952
778951
778949
778930
778487
778479
778392
778329
777047
776531
776521
776520
776518
776517
776516
776481
776472
776471
776466
776049
775990
775989
775980
775967
775965
775794
775750
775714
775650
775649
775496
775195
775154
775116
773914
773848
773838
773837
773833
773831
773810
773601
773583
773484
773192
772944
772879
772878
772877
772876
772847
772724
772504
772489
772323
772133
772132
772130
770550
770396
185811
183304
182657
181136
180048
179759
179558
179451
179320
179268
179101
179095
179057
178258
178219
177912
177908
177827
177387
137579
134833
134832
133896
133894
133893
133582
133577
133351
133350
133349
133348
133347
133346
133345
133344
133282
133264
132457
132290
132268
131561
131560
131532
65942
63979
59639
59569
59379
59375
58749
58572
58561
58407
57389
57377
57376
57343
57077
9540
8414
7901
7898
7897
7893
7830
7825
7824
6487
6382
5936
5897
5564
4574
1261405
1009738
942554
936122
935583
935578
935577
819138
778942
1046648
768765
1066546
934490
934489
825715
985670
946493
946492
946486
946485
815576
1273736
1273735
1268538
1262196
1084517
934834
934830
933966
817767
817213
775661
62394
58185
58173
58150
5170
1272040
1272039
1272036
1272035
1272034
1261392
1030787
969537
818527
818525
818524
818523
818522
818521
188174
188169
1256487
1263686
1083468
995095
941351
5694
1273728
1268514
1268500
1268487
945443
817765
817764
790563
58406
56691
56684
56651
4217
1264015
1261385
1084317
818515
179918
1264782
1264780
1258947
1250315
1083510
948657
936664
936661
936650
790801
772996
772995
189379
180703
13473
9344
1083467
1066543
1066542
1066537
825714
6924
1046317
981162
10567
946282
1279001
1277323
1274993
1274985
1270880
1269352
1267492
1266702
1266632
1262368
1261804
1261324
1255349
1083389
1083346
1063345
1037101
1017255
772516
1260396
933934
179186
179185
56598
56591
56588
1264830
1264009
1264008
1264007
969530
817187
772397
188160
188157
177849
56782
1264773
1264768
1250305
1250304
964812
964810
772632
765828
1263660
1258206
1258204
946450
946442
946439
815573
782821
782820
782819
768534
768532
56466
3874
1256849
1272761
1260602
1260600
1260344
1260336
1083973
944069
933926
933923
816447
775752
772827
130560
56571
16104223
16104222
16104217
1077007
817179
16296126
16296125
16296124
11634319
11616970
1278793
1278234
1277737
1277326
1277322
1277321
1276667
1276665
1276663
1276659
1276112
1275759
1275752
1275542
1275538
1275486
1275483
1274995
1274994
1274992
1274984
1274983
1274982
1274981
1274594
1274536
1274516
1274239
1273475
1273299
1273294
1273032
1272973
1272810
1272598
1272538
1272212
1272211
1271875
1271738
1270906
1270641
1270633
1270343
1270317
1270264
1270263
1270231
1270230
1270225
1270220
1268944
1268691
1268140
1268058
1268057
1267986
1267755
1267557
1267491
1267475
1267459
1267457
1267456
1267452
1267435
1267277
1267273
1267272
1267252
1267237
1267089
1267081
1266933
1266821
1266816
1266808
1266574
1266442
1266218
1266214
1265835
1265834
1265638
1265596
1265524
1265510
1265506
1265330
1265326
1265056
1265034
1264900
1264896
1264761
1264554
1264549
1264525
1264102
1264100
1264094
1264093
1264058
1264057
1264017
1263725
1263723
1263626
1263492
1263409
1263180
1263166
1263071
1263060
1262801
1262713
1262710
1262709
1262456
1262451
1262374
1262373
1262371
1262106
1262102
1261869
1261800
1261334
1261331
1261328
1261321
1261318
1261267
1261175
1260696
1260118
1258939
1258764
1256727
1256474
1255350
1255310
1255309
1255260
1255252
1254146
1254145
1254142
1253942
1253597
1253520
1253518
1253390
1253389
1088804
1087767
1087766
1086994
1086512
1086473
1085918
1084861
1084550
1083904
1083717
1083716
1083704
1083703
1083674
1083482
1083457
1083399
1082931
1078327
1077207
1077203
1075652
1072804
1071220
1070845
1070844
1068677
1067816
1067809
1067139
1066572
1065719
1063572
1063358
1063304
1063217
1063215
1063214
1063213
1063009
1051985
1051237
1050376
1050375
1048004
1047657
1047647
1047318
1046885
1046884
1046672
1046537
1046499
1046433
1046172
1045847
1045718
1045256
1044541
1037104
1037102
1037100
1037099
1036995
1036624
1035813
1034446
1031374
1028518
1026637
1026636
1026603
1026211
1026016
1026015
1025927
1025337
1025325
1022966
1022965
1022964
1022963
1022962
1022960
1022922
1022914
1021664
1020463
1020462
1020461
1020460
1020459
1020458
1020457
1020456
1020454
1020453
1020452
1019468
1019458
1019457
1018770
1017258
1017257
1017256
1017254
1017252
1017250
1016379
1016377
1016365
1016356
1015724
1010830
1010823
1010609
1008207
1008206
1008203
1008202
1008198
1008197
1008196
1008195
1008194
1008193
1008192
1007206
1007188
1007183
1000389
1000385
997349
997002
996105
994452
991559
988592
987142
987019
986719
986684
985935
982155
982151
982141
982139
982137
982136
982129
982128
982127
982126
982125
981840
981839
981228
981227
981226
981225
981224
981223
981222
981221
981220
981219
981218
981217
981215
981213
981212
981211
981210
981209
981208
981207
981206
977318
977065
977064
977061
977058
976250
974284
973346
973061
967261
966742
966597
965751
965261
965260
964178
962823
962819
962816
962815
961278
961270
961264
961257
961251
960785
960783
960778
960775
960677
960676
960675
960674
960673
960671
960670
960669
960666
960539
960534
960505
960496
960493
960487
960477
960261
960260
960259
960019
959154
959153
958242
958241
958240
957859
957858
957856
956623
956298
953431
953424
953416
953414
953413
952100
948765
948192
948186
948177
947952
946900
946794
946789
946788
946787
946786
946785
946784
946783
946782
946781
946780
946779
946675
946585
946582
945777
945731
945054
944667
944559
944440
944232
944082
943947
943810
943741
943694
943494
943492
942357
941538
941105
941000
940999
940998
940997
940996
940995
940921
940918
939375
939374
939370
939369
939368
938386
938382
938374
938371
938370
938365
938357
938354
938250
937335
936842
936206
935937
935936
935712
935711
935710
935708
935707
934809
934668
933462
933418
933407
933332
933321
933318
933317
933312
933305
933238
933224
932751
932750
932324
932222
932221
932045
931819
931814
931807
931805
829118
829117
828687
828089
826309
824780
824745
824645
824380
824378
824228
823493
823492
823491
823490
823489
823379
822919
822659
822656
822654
822500
822497
822493
822491
820499
819662
819411
819410
819373
819372
818953
818951
818897
818450
818449
818427
817876
817776
817701
817678
817665
817631
817630
817629
817626
817592
817587
817427
817404
817295
816974
816972
816608
816607
816606
816019
816018
815126
802928
802923
799785
799205
798251
797061
795400
795061
794686
793691
793131
792907
790289
790030
788232
787647
786214
786213
786212
786202
785907
785897
785895
785891
785817
785797
785796
785795
785794
785785
785678
785435
782949
782470
781427
781426
781423
779726
778756
778755
778466
778427
777044
777041
776896
776836
776834
776833
776832
776830
776757
776417
776416
776210
776082
776026
776025
775884
775771
775643
775503
775471
773972
773971
773970
773969
773916
773901
773596
773535
773402
773370
773314
773313
773300
773242
773232
773229
773222
773200
773185
773173
772954
772865
772845
772747
772686
772583
772513
772238
772231
772129
770525
770510
770502
770500
770499
770498
770477
770436
770412
770350
770348
770075
770073
769863
769751
769750
769540
769202
768844
768843
768760
768433
767196
191900
187283
184328
183430
183334
183191
181833
181831
181830
181829
181828
181827
181822
181404
180326
179950
179357
179356
179334
178275
178084
178083
177853
177748
177703
177701
177426
177281
177166
176887
176740
141682
139049
139046
139045
138022
135981
135551
135070
134611
134541
134538
134536
134514
134508
134496
134495
134448
134447
134446
134444
134359
134330
134328
134323
134268
132411
131766
131765
131510
131500
131485
131418
131260
131045
131028
130915
130914
130911
65243
60856
59962
58837
58475
58049
57196
57120
56895
11608
8866
8864
8032
7805
6816
5870
5869
5868
5330
5174
4631
4284
3713
3635
3545
3298
1273352
1266362
1264376
1264373
1263649
1263646
1021789
1258035
1258028
1258024
1083081
814257
814256
814255
765520
175176
1083004
1273723
1272139
1265460
1265459
1264633
1264625
1260324
1260318
1260311
1256605
1046166
944845
73685
73679
73673
73645
73638
73636
5785
4193
1267683
1267679
1267675
1260811
1260807
1260805
1260804
1256360
1253730
1250290
1265549
1263641
1064806
1064805
63907
188153
12568
1265847
946235
946233
946230
819166
765519
765518
1273432
1273431
1273429
775382
1273711
1272124
1272121
1260584
1252903
1252891
1252882
1252876
1046549
946706
772945
772599
765864
131901
55939
55933
55928
55923
55919
55904
772356
772354
1264747
1045306
1045304
128696
1264362
1261986
1062774
1045681
188151
188150
56749
1266231
1259698
1259696
1258909
1258201
1258191
1258190
996385
996383
996381
969671
949407
946215
946197
943728
943389
941470
823716
769556
766303
765515
132392
55503
10241875
1272110
1272108
1265981
1265976
1265542
1265540
1264605
1264599
1252872
1252846
1251156
817437
178087
55850
1253703
1062270
1266838
1258856
1258834
1254991
1249976
1245961
1245957
1083220
1083218
813138
1256691
1064793
979942
768661
1257188
188142
188140
188139
1264846
1258172
814251
765512
1250588
1272102
1264592
1260289
1260285
1082555
775264
769890
769294
766944
57601
55819
55812
55802
55792
55787
55783
4769
1077000
817152
786582
183944
1258780
1258770
1257086
1257085
1257084
1045290
1045289
1045288
1045287
1045286
1045285
769526
184022
1256134
1004450
1004447
16104233
16104231
16104227
16104226
1045674
12179579
11609932
11394419
11394418
1276591
1275750
1275476
1274717
1274657
1274498
1274497
1274496
1274322
1274310
1274293
1274292
1274291
1274211
1274164
1274162
1274122
1274121
1274107
1274106
1274105
1274078
1273705
1273703
1273514
1273405
1272502
1271608
1271607
1271606
1271587
1271585
1271583
1271582
1271581
1271580
1271386
1270928
1270604
1270603
1270601
1270599
1270594
1270593
1270591
1270305
1270303
1270300
1270290
1270289
1270287
1270284
1270255
1270141
1270135
1270131
1270129
1270019
1269987
1269181
1268942
1268081
1268073
1267947
1267893
1267687
1267503
1267395
1267355
1266890
1266441
1266407
1266406
1266398
1266397
1266383
1266381
1266209
1266090
1265574
1265573
1265572
1265571
1265569
1265567
1265358
1265353
1265348
1265310
1265304
1265303
1265302
1264957
1264952
1264938
1264886
1264850
1264079
1264077
1263737
1263736
1263735
1263734
1263733
1263732
1263731
1263485
1263271
1263194
1262897
1262720
1262150
1262141
1262116
1262112
1262110
1262019
1262014
1262004
1262002
1261850
1261793
1261727
1260889
1260878
1260645
1260644
1260643
1260630
1260256
1260255
1260253
1260252
1259854
1259824
1259823
1259817
1259695
1259693
1259674
1259638
1259630
1259558
1259504
1259498
1259484
1259450
1259449
1259413
1259408
1259406
1259405
1259403
1259402
1259400
1259399
1259398
1259279
1259260
1259259
1259256
1259246
1259245
1259237
1259236
1259235
1259230
1259203
1259101
1258981
1258957
1258894
1258888
1258855
1258822
1258719
1258638
1258482
1258465
1258137
1257897
1257895
1257831
1257828
1257818
1257690
1257689
1257100
1257099
1257097
1257096
1257095
1256958
1256957
1256941
1256933
1256426
1256312
1256054
1255991
1255893
1255892
1255890
1254982
1254506
1254505
1254504
1254386
1254377
1253663
1253651
1253617
1253510
1253509
1253480
1253469
1253468
1253467
1253466
1253465
1253462
1252964
1252616
1252363
1252159
1251472
1251319
1251317
1251011
1251008
1251007
1249629
1249521
1249520
1249447
1248702
1248697
1248609
1248155
1248079
1245971
1245964
1245962
1245952
1107610
1088791
1087894
1087869
1087064
1085840
1085828
1085688
1085586
1085538
1085050
1084949
1083777
1083177
1083008
1083007
1083006
1082980
1082803
1082426
1082041
1077246
1075971
1075114
1071022
1066796
1066795
1066764
1066753
1066750
1066749
1066746
1066731
1066729
1065169
1064478
1064475
1063950
1063483
1063083
1063040
1063039
1063038
1062992
1062932
1062849
1062702
1062698
1062695
1062693
1062681
1062290
1062048
1061926
1052881
1047834
1047128
1047007
1046981
1046977
1046711
1046395
1046037
1046032
1045861
1045705
1045696
1045398
1045245
1044534
1044493
1044009
1044002
1037094
1037091
1037090
1037088
1037087
1036656
1036435
1035080
1034713
1032420
1031173
1029786
1029775
1029028
1029027
1027668
1027666
1027112
1026922
1024191
1022226
1021636
1021634
1021617
1019735
1019732
1019728
1019557
1017831
1015872
1015870
1015869
1015868
1015866
1015865
1014187
1014186
1011349
1010818
1010404
1010400
1010395
1009250
1006315
1006313
1001857
1001856
995274
993568
993567
993566
989913
989041
989040
987992
987655
986651
986126
985682
985675
985227
983437
982730
982729
982728
982223
982222
980441
980435
978940
978939
978938
978937
978935
978932
978930
978927
978926
978925
978855
975415
975408
975407
975405
972101
971603
971602
970581
970580
970021
969732
969656
969654
969256
968564
968561
968560
968559
968556
968296
967495
967494
967493
966571
965739
965735
965040
964072
963502
963499
963495
962752
962750
962733
962732
962249
962247
962246
962244
961118
961061
961060
961059
961058
961057
961053
961049
960949
959799
959631
959147
959145
955209
955208
955207
955206
953283
952040
951593
951565
950925
950882
950880
950879
950329
950170
949569
948408
948405
948398
948395
947642
947641
946968
946920
946746
946680
946589
946385
946334
946115
945260
945224
944467
944464
944357
944352
944350
944042
944004
943986
943977
943933
943932
943931
943876
943746
943677
943077
943047
943032
942645
942338
941301
941300
941299
941246
941242
939182
939181
937870
937866
936511
936292
935779
935778
935776
933433
933429
933428
933423
933422
933421
933091
932091
932090
931834
931833
931830
931828
931827
931826
829175
829045
828501
827988
827987
827985
827466
823741
823721
822627
822470
822469
822464
822461
821796
821376
821196
821195
821186
821150
821149
821073
820820
820541
820395
818981
818854
818853
818693
818439
818418
818417
818378
818327
818111
818110
818108
818019
817642
817600
817277
817276
816728
816657
816250
816237
816236
816235
816174
815943
815914
815910
815894
815855
815794
815725
815446
815445
815215
815197
815195
815068
814879
813020
812974
802906
798236
797653
797652
797327
797326
797325
797324
797323
797322
797320
795737
795081
790975
790577
789978
788178
788093
787696
786871
786443
786442
786441
785868
785434
785433
785252
781965
781707
781489
781486
781344
780011
779218
778747
778469
776921
776920
776919
776076
775778
775767
775762
775757
775731
775589
775572
775145
775144
775143
773965
773963
773962
773958
773956
773825
773822
773820
773180
773053
773052
773003
772951
772839
772773
772771
772662
772648
772343
772342
772234
772209
772168
772149
770407
770378
770352
769933
769798
769712
769697
769679
769677
769625
769624
769618
769616
769615
769587
769581
769548
769545
769544
769539
769537
769535
769287
769286
769266
769213
769010
768991
768889
768888
768836
768645
768529
768395
768384
768382
767383
767309
767308
767033
767029
767027
767026
766869
766817
766249
765437
765435
765190
765189
765188
184067
183854
183087
181501
179971
179254
179215
178517
178203
177962
177780
176936
176890
176868
176735
176722
176136
176130
176017
139490
138547
138542
137464
135859
135517
134594
133640
133397
133391
132094
131869
131783
131098
131095
131091
130845
130843
130836
130815
130804
130798
130733
130692
130215
66059
61170
59991
58364
57969
57633
57629
57026
56949
56765
56740
13744
9326
8905
8904
5807
5466
5373
4953
4868
4655
3998
3997
3303
2641
61089
1272156
1265563
1257978
1257727
1256617
1252834
1252828
1252827
1252826
1252813
952679
952678
952677
943207
817266
816049
815829
814955
769153
131903
55766
55759
55752
55745
55732
55731
55729
3744
817195
817192
1267670
1045636
173998
1256703
1256702
1256701
1063932
1063929
1063928
1063925
1063924
1063897
815849
176835
1251545
946319
814260
184545
1266000
1264719
1264713
1263988
1257676
1253071
1253068
1253061
1252796
1252785
1252783
1252781
817262
766941
765867
56205
55664
55659
55648
1256308
1256307
183374
1261954
1246316
173995
1256164
1004432
1004431
1004430
1004428
1004426
1004425
1004424
1004423
1004422
1004421
1004420
1004419
1004418
1004417
794678
794677
1063006
1257142
946298
768940
1269610
1257523
1251860
1251853
1251654
1251649
1250606
1250601
1082658
963961
767310
766419
1258314
1257037
1250471
1247867
1247858
1247854
1247851
1025049
946557
769302
54792
54762
54760
54755
54741
1256355
1253225
1253224
1248372
986725
967572
768705
10314697
10235748
1254240
1254236
1250715
1250714
1107842
176589
1259216
1255833
1252182
1252172
1252119
1251958
1251893
1250536
1248280
1247274
1247252
1246782
1107953
1107450
1082741
1082418
1082052
1027684
1017237
1256694
1250038
1063920
979938
768812
1251400
1251396
944287
943602
176483
1257132
768936
1246416
1264703
1250461
1032355
772609
772380
764935
55642
55639
55637
55596
55595
55591
1256327
1264811
1254224
1044118
1044112
813141
765093
765090
1250028
1248490
16104244
16104243
1257121
1107609
1107608
946100
946094
1278966
1278960
1278956
1278954
1278077
1276419
1276418
1275742
1275741
1275579
1275576
1275166
1274942
1274909
1274191
1271730
1271706
1271704
1271703
1271701
1271671
1271670
1271668
1271667
1271666
1271665
1271664
1271662
1271661
1271660
1271657
1271656
1271655
1271645
1271605
1271604
1271509
1270829
1270827
1270487
1270119
1267954
1267949
1267907
1267822
1267430
1267426
1266589
1266562
1266472
1266471
1266470
1266469
1266466
1266462
1266460
1266455
1266453
1266451
1266297
1266293
1266292
1266165
1266164
1266163
1266139
1266136
1266132
1266025
1266024
1265534
1265004
1264987
1264986
1264985
1264984
1264983
1264982
1264981
1264980
1264979
1264978
1264977
1264945
1264505
1264504
1264482
1263432
1263345
1263245
1262061
1262057
1261925
1261894
1260941
1260869
1260868
1260753
1260409
1260408
1260407
1260406
1259459
1259214
1258569
1258152
1257931
1257874
1257700
1257419
1257417
1257416
1257415
1257233
1257154
1257047
1256928
1256919
1256888
1256720
1256716
1256454
1256453
1255998
1255826
1255823
1255306
1254729
1254717
1254716
1254715
1254714
1254713
1254711
1254709
1254706
1254196
1254188
1253542
1253540
1253264
1253262
1253096
1252716
1252707
1252349
1252216
1252184
1252117
1252027
1251966
1251964
1251963
1251960
1251954
1251889
1251849
1251848
1251828
1251638
1251637
1251597
1251249
1251242
1251218
1250971
1250960
1250808
1250789
1250691
1250657
1250656
1250654
1250652
1250598
1250596
1250544
1250202
1250201
1250157
1249863
1249838
1249711
1249707
1249704
1249699
1249667
1249541
1249498
1249385
1248693
1248282
1248193
1247701
1247425
1247348
1247258
1247256
1247237
1247234
1247226
1247118
1246961
1246923
1246916
1246915
1246800
1246799
1246785
1246783
1246678
1246677
1246675
1246433
1246425
1246420
1246419
1246147
1246145
1246000
1245993
1245869
1245770
1245767
1245766
1245764
1245761
1245036
1108826
1108825
1108737
1108626
1108350
1108348
1108244
1107492
1107490
1107438
1107322
1085099
1084648
1084326
1084325
1084324
1083524
1083523
1083522
1083521
1083275
1083096
1082888
1082573
1082499
1082408
1082011
1078257
1077473
1075251
1074983
1072250
1072024
1064402
1062743
1062673
1062282
1061949
1061882
1061880
1061820
1061438
1060694
1060693
1053359
1053160
1046355
1044985
1044983
1044928
1044764
1044482
1044332
1043849
1037448
1027685
1027683
1027613
1021325
1021323
1015489
1013806
1002657
997324
990093
990092
986728
986727
986324
985985
985981
985980
985228
978894
973771
971642
970800
970798
970796
968291
968290
966714
962357
960894
960834
960833
960471
960470
960464
960457
959798
959140
955205
955201
955200
955199
955198
955197
955194
955193
955192
955191
955190
955189
955188
955186
955185
955183
955182
950876
950875
950874
950873
950872
950869
950868
950867
948234
947203
947106
946575
946571
946393
946329
946327
945089
944832
944361
944220
944105
944000
943759
943542
943096
943065
942904
942756
942573
940789
940788
939590
938838
938832
938262
936781
936780
936779
936774
934609
934186
933899
933898
933394
830158
829029
828366
823911
823900
823894
823620
822513
821795
820819
820818
820817
820815
820814
818445
818444
818031
818012
817659
817547
817449
817448
817386
817284
817283
817282
817280
817080
816744
816416
816415
816230
816028
815875
815273
815272
815271
815270
814994
814850
814826
814809
814807
814805
814785
814624
814511
814504
814503
814493
814379
814237
814136
813961
813960
813959
813622
813316
812977
812929
812927
812926
812924
812902
801362
799960
797539
790494
785193
782943
782942
782940
782939
782938
779803
779206
778612
777036
777035
776916
776072
775410
775409
775407
775406
775405
775186
775184
775172
775117
773422
773097
773057
773015
772968
772948